0.0
0.0
0.0
0.0
0.0
0.0
0.0
0.0
0.0
0.0
0.0
0.0
0.0
0.0
0.0
0.006925
0.0
0.0
0.0
0.0
0.0
0.0
0.0
0.0
0.0
0.0
0.0
0.0
0.0
0.0
0.0
0.0
0.0
0.070478
0.13544
0.283611
0.302007
0.25173
0.369468
0.051739
0.0
0.0
0.0
0.0
0.0
0.0
0.0
0.0
0.0
0.0
0.0
0.0
0.0
0.0
0.0
0.0
0.0
0.0
0.000272
0.0
0.130269
0.41051
0.044136
0.160809
0.0
0.0
0.0
0.0
0.0
0.0
0.0
0.0
0.0
0.0
0.0
0.0
0.0
0.0
0.0
0.0
0.0
0.020024999999999998
0.000519
0.11300700000000001
0.035995
0.0
0.041237
0.010988
0.0
0.0
0.0
0.0
0.0
0.0
0.0
0.0
0.0
0.0
0.0
0.0
0.0
0.0
0.0
0.0
0.0
0.008289999999999999
0.182428
0.354795
0.27652499999999997
0.171446
0.38399500000000003
0.035243000000000003
0.0
0.0
0.0
0.0
0.0
0.0
0.0
0.0
0.0
0.0
0.0
0.0
0.0
0.0
0.0
0.0
0.0
0.034789
0.30382400000000004
0.513745
0.17681899999999998
0.009193
0.020571000000000002
0.025085
0.0
0.0
0.0
0.0
0.0
0.0
0.0
0.0
0.0
0.0
0.0
0.0
0.0
0.0
0.0
0.0
0.0
0.008566
0.17768199999999998
0.315621
0.555851
0.43804000000000004
0.07467499999999999
0.031105
0.0
0.0
0.0
0.0
0.0
0.0
0.0
0.0
0.0
0.0
0.0
0.0
0.0
0.0
0.0
0.0
0.0
0.07632800000000001
0.270747
0.12199
0.05093
0.009103
0.038156999999999996
0.0
0.0
0.0
0.0
0.0
0.0
0.0
0.0
0.0
0.0
0.0
0.0
0.0
0.0
0.0
0.0
0.0
0.0
3.9e-05
0.000421
0.140329
0.193089
0.416888
0.003126
0.0071189999999999995
0.0
0.0
0.0
0.0
0.0
0.0
0.0
0.0
0.0
0.0
0.0
0.0
0.0
0.0
0.0
0.0
0.0
0.0056619999999999995
0.15794
0.485346
0.200004
0.127707
0.020543
0.007352
0.0
0.0
0.0
0.0
0.0
0.0
0.0
0.0
0.0
0.0
0.0
0.0
0.0
0.0
0.0
0.0
0.0
0.055268
0.359726
0.571622
0.8035599999999999
0.616028
0.450864
0.103757
0.0
0.0
0.0
0.0
0.0
0.0
0.0
0.0
0.0
0.0
0.0
0.0
0.0
0.0
0.0
0.0
0.0
0.0
0.003274
0.009092000000000001
0.059791
0.214501
0.09870699999999999
0.032560000000000006
0.0
0.0
0.0
0.0
0.0
0.0
0.0
0.0
0.0
0.0
0.0
0.0
0.0
0.0
0.0
0.0
0.0
0.05065
0.361889
0.698631
0.776149
0.7581319999999999
0.529121
0.033923
0.0
0.0
0.0
0.0
0.0
0.0
0.0
0.0
0.0
0.0
0.0
0.0
0.0
0.0
0.0
0.0
0.0
0.0
0.0035870000000000003
0.009507
0.012469
0.009496000000000001
0.172899
0.0
0.0
0.0
0.0
0.0
0.0
0.0
0.0
0.0
0.0
0.0
0.0
0.0
0.0
0.0
0.0
0.0
0.0
0.159493
0.338718
0.533886
0.788308
0.657449
0.566924
0.034225
0.0
0.0
0.0
0.0
0.0
0.0
0.0
0.0
0.0
0.0
0.0
0.0
0.0
0.0
0.0
0.0
0.0
0.142667
0.216318
0.7088049999999999
0.9078390000000001
0.686913
0.633867
0.045965000000000006
0.0
0.0
0.0
0.0
0.0
0.0
0.0
0.0
0.0
0.0
0.0
0.0
0.0
0.0
0.0
0.0
0.0
0.0
0.06682500000000001
0.22792099999999998
0.156745
0.012372999999999999
0.536671
0.07612000000000001
0.0
0.0
0.0
0.0
0.0
0.0
0.0
0.0
0.0
0.0
0.0
0.0
0.0
0.0
0.0
0.0
0.0
0.0
0.0
0.050661000000000005
0.087173
0.093265
0.01762
0.0
0.0
0.0
0.0
0.0
0.0
0.0
0.0
0.0
0.0
0.0
0.0
0.0
0.0
0.0
0.0
0.0
0.0
0.0
0.0
0.18620799999999998
0.27654700000000004
0.525639
0.20962799999999998
0.054668
0.0
0.0
0.0
0.0
0.0
0.0
0.0
0.0
0.0
0.0
0.0
0.0
0.0
0.0
0.0
0.0
0.0
0.0
0.0
0.069381
0.305781
0.050954
0.228031
0.07267
0.0
0.0
0.0
0.0
0.0
0.0
0.0
0.0
0.0
0.0
0.0
0.0
0.0
0.0
0.0
0.0
0.0
0.002989
0.0061790000000000005
0.012017
0.462199
0.003351
0.090538
0.034402999999999996
0.0
0.0
0.0
0.0
0.0
0.0
0.0
0.0
0.0
0.0
0.0
0.0
0.0
0.0
0.0
0.0
0.0
0.050082999999999996
0.0062699999999999995
0.21665399999999999
0.43100499999999997
0.9844550000000001
0.6072240000000001
0.322002
0.007388
0.0
0.0
0.0
0.0
0.0
0.0
0.0
0.0
0.0
0.0
0.0
0.0
0.0
0.0
0.0
0.0
0.0
0.575253
0.6083540000000001
0.432649
0.21381299999999998
0.275387
0.011462
0.0
0.0
0.0
0.0
0.0
0.0
0.0
0.0
0.0
0.0
0.0
0.0
0.0
0.0
0.0
0.0
0.0
0.0
0.0
0.0
0.026778
0.0
0.0
0.0
0.0
0.0
0.0
0.0
0.0
0.0
0.0
0.0
0.0
0.0
0.0
0.0
0.0
0.0
0.0
0.0
0.0
0.0
0.006259000000000001
0.015037
0.020928000000000002
0.017987
0.009132999999999999
0.023026
0.0
0.0
0.0
0.0
0.0
0.0
0.0
0.0
0.0
0.0
0.0
0.0
0.0
0.0
0.0
0.0
0.0
0.0
1.317529
1.74271
1.974923
1.878001
1.508465
0.0
0.10584
0.0
0.0
0.0
0.0
0.0
0.0
0.0
0.0
0.0
0.0
0.0
0.0
0.0
0.0
0.0
0.0029140000000000004
0.060007
0.457766
0.833975
1.012187
0.648648
1.519806
0.8992519999999999
0.13616399999999998
0.0
0.0
0.0
0.0
0.0
0.0
0.0
0.0
0.0
0.0
0.0
0.0
0.0
0.0
0.0
0.0
0.030499
0.6438959999999999
0.96039
1.157755
0.835536
0.617732
0.000531
0.0
0.0
0.0
0.0
0.0
0.0
0.0
0.0
0.0
0.0
0.0
0.0
0.0
0.0
0.0
0.0
0.0
0.0
0.0
0.278303
0.237017
0.02189
0.077527
0.012403
0.0
0.0
0.0
0.0
0.0
0.0
0.0
0.0
0.0
0.0
0.0
0.0
0.0
0.0
0.0
0.0
0.135321
0.828784
0.0
0.0009270000000000001
0.003863
0.003878
0.0
0.0
0.0
0.0
0.0
0.0
0.0
0.0
0.0
0.0
0.0
0.0
0.0
0.0
0.0
0.0
0.0
0.0
0.004027
0.080578
0.623804
0.018953
0.06810200000000001
0.32447699999999996
0.19300299999999998
0.23551499999999997
0.0
0.0
0.0
0.0
0.0
0.0
0.0
0.0
0.0
0.0
0.0
0.0
0.0
0.0
0.0
0.0
0.0
0.0
0.009965
0.022010000000000002
0.02503
0.022036999999999998
0.013
0.000884
0.009340999999999999
0.0
0.0
0.0
0.0
0.0
0.0
0.0
0.0
0.0
0.0
0.0
0.0
0.0
0.0
0.0
0.131416
0.790299
1.4321769999999998
1.837752
1.989312
1.852727
0.06923399999999999
0.894242
0.17835900000000002
0.0
0.0
0.0
0.0
0.0
0.0
0.0
0.0
0.0
0.0
0.0
0.0
0.0
0.0
0.0
0.11444
0.9960460000000001
1.6516330000000001
1.999768
0.033893
2.052184
0.018801
0.0
0.013245
0.0
0.0
0.0
0.0
0.0
0.0
0.0
0.0
0.0
0.0
0.0
0.0
0.0
0.0
0.0
0.0
0.0
0.13090100000000002
0.102172
1.173358
0.41797300000000004
0.172055
0.05826
0.0
0.0
0.0
0.0
0.0
0.0
0.0
0.0
0.0
0.0
0.0
0.0
0.0
0.0
0.0
0.0
0.0
0.006614
0.012661
0.324984
0.466304
0.325804
0.45780200000000004
0.003572
0.0
0.0
0.0
0.0
0.0
0.0
0.0
0.0
0.0
0.0
0.0
0.0
0.0
0.0
0.0
0.0
0.268272
0.999703
0.0040279999999999995
0.009981
0.11614100000000001
2.023972
1.7137090000000001
1.128849
0.391931
0.0
0.0
0.0
0.0
0.0
0.0
0.0
0.0
0.0
0.0
0.0
0.0
0.0
0.0
0.0
0.037609000000000004
0.21515600000000001
0.839897
1.1775419999999999
1.337231
1.275613
0.911899
0.162882
0.079493
0.0
0.0
0.0
0.0
0.0
0.0
0.0
0.0
0.0
0.0
0.0
0.0
0.0
0.0
0.0
0.0
0.0
0.06186
0.26950799999999997
0.127491
0.231206
0.01874
0.006646
0.012502000000000001
0.0
0.0
0.0
0.0
0.0
0.0
0.0
0.0
0.0
0.0
0.0
0.0
0.0
0.0
0.0
0.0
0.0
0.0
0.003828
0.003839
0.006764
0.0008359999999999999
0.0
0.0
0.0
0.0
0.0
0.0
0.0
0.0
0.0
0.0
0.0
0.0
0.0
0.0
0.0
0.0
0.0
0.032195999999999995
0.250565
0.9135209999999999
1.2014749999999998
1.398857
1.2909860000000002
1.0966
0.475388
0.024472999999999998
0.0
0.0
0.0
0.0
0.0
0.0
0.0
0.0
0.0
0.0
0.0
0.0
0.0
0.0
0.0
0.023286
0.250358
0.698153
1.061523
1.465545
1.0954929999999998
1.114659
0.512231
0.05634599999999999
0.0
0.0
0.0
0.0
0.0
0.0
0.0
0.0
0.0
0.0
0.0
0.0
0.0
0.0
0.0
0.081399
0.168035
0.545452
0.7627200000000001
0.7112480000000001
0.64215
0.5200130000000001
0.297024
0.028227
0.0
0.0
0.0
0.0
0.0
0.0
0.0
0.0
0.0
0.0
0.0
0.0
0.0
0.0
0.0
0.017537
0.003713
0.018512
0.241856
0.348649
0.83911
0.7234700000000001
0.574534
0.0
0.0
0.0
0.0
0.0
0.0
0.0
0.0
0.0
0.0
0.0
0.0
0.0
0.0
0.0
0.0
0.053609000000000004
0.169442
0.9891989999999999
1.351971
1.268651
1.4489649999999998
0.952503
0.602414
0.0
0.0
0.0
0.0
0.0
0.0
0.0
0.0
0.0
0.0
0.0
0.0
0.0
0.0
0.0
0.0
0.000383
0.0065910000000000005
0.16324100000000002
0.786173
0.834997
1.263603
0.380759
0.119603
0.040102
0.0
0.0
0.0
0.0
0.0
0.0
0.0
0.0
0.0
0.0
0.0
0.0
0.0
0.0
0.0
0.0357
0.13538399999999998
0.250293
1.1797739999999999
0.8739439999999999
1.0938350000000001
1.063641
0.673963
0.14726599999999998
0.0
0.0
0.0
0.0
0.0
0.0
0.0
0.0
0.0
0.0
0.0
0.0
0.0
0.0
0.0
0.014794
0.20922200000000002
1.003976
0.197769
0.448168
0.091063
0.027170000000000003
0.23495500000000002
0.022865
0.0
0.0
0.0
0.0
0.0
0.0
0.0
0.0
0.0
0.0
0.0
0.0
0.0
0.0
0.0
0.009044
0.00657
0.021279
0.03307
0.038944
0.035991999999999996
0.122322
0.012320000000000001
0.0
0.0
0.0
0.0
0.0
0.0
0.0
0.0
0.0
0.0
0.0
0.0
0.0
0.0
0.0
0.0
0.014931
0.006573000000000001
0.452185
0.43890300000000004
0.657496
0.243678
0.846992
0.015198
0.0
0.0
0.0
0.0
0.0
0.0
0.0
0.0
0.0
0.0
0.0
0.0
0.0
0.0
0.0
0.0
0.042546
0.5169600000000001
1.0718420000000002
1.377266
1.5865429999999998
1.186686
1.027142
0.401617
0.0
0.0
0.0
0.0
0.0
0.0
0.0
0.0
0.0
0.0
0.0
0.0
0.0
0.0
0.0
0.0
0.024137
0.542005
1.143915
1.406081
1.619277
1.439349
1.2445730000000002
0.7349410000000001
0.099044
0.0
0.0
0.0
0.0
0.0
0.0
0.0
0.0
0.0
0.0
0.0
0.0
0.0
0.0
0.0
0.020864999999999998
0.107151
0.15956299999999998
0.541137
1.2401600000000002
1.023509
0.8334550000000001
0.271423
0.038039
0.0
0.0
0.0
0.0
0.0
0.0
0.0
0.0
0.0
0.0
0.0
0.0
0.0
0.0
0.0
0.0
0.183262
1.025469
0.247814
0.5164500000000001
0.508101
0.333207
0.37003800000000003
0.038098999999999994
0.0
0.0
0.0
0.0
0.0
0.0
0.0
0.0
0.0
0.0
0.0
0.0
0.0
0.0
0.0
0.020960999999999997
0.009415
0.026944
0.035561999999999996
0.471551
0.038439999999999995
0.0297
0.015033
0.000214
0.0
0.0
0.0
0.0
0.0
0.0
0.0
0.0
0.0
0.0
0.0
0.0
0.0
0.0
0.0
0.0
0.012347
0.027027000000000002
0.047850000000000004
0.149446
0.069218
0.08805800000000001
0.018278
0.023592
0.003749
0.0
0.0
0.0
0.0
0.0
0.0
0.0
0.0
0.0
0.0
0.0
0.0
0.0
0.0
0.0
0.0
0.072941
0.11263
0.363288
0.8640410000000001
0.8536159999999999
0.110316
0.37658400000000003
0.0
0.0
0.0
0.0
0.0
0.0
0.0
0.0
0.0
0.0
0.0
0.0
0.0
0.0
0.0
0.033103
0.39637900000000004
0.785131
0.634119
1.2868989999999998
0.4982
0.44669400000000004
0.04219
0.00040300000000000004
0.0
0.0
0.0
0.0
0.0
0.0
0.0
0.0
0.0
0.0
0.0
0.0
0.0
0.0
0.001478
0.0
0.015396
0.030096
0.61454
0.488479
1.567259
1.195849
0.957679
0.48862700000000003
9.2e-05
0.0
0.0
0.0
0.0
0.0
0.0
0.0
0.0
0.0
0.0
0.0
0.0
0.0
0.0
0.018088999999999997
0.870529
1.324931
1.452201
1.923847
1.883533
1.4585
0.356525
0.003282
0.012471
0.0
0.0
0.0
0.0
0.0
0.0
0.0
0.0
0.0
0.0
0.0
0.0
0.0
0.001166
0.092488
0.920074
0.783244
0.6833049999999999
2.135341
1.472647
1.5618409999999998
0.965222
0.10075100000000001
0.031407
0.0
0.0
0.0
0.0
0.0
0.0
0.0
0.0
0.0
0.0
0.0
0.0
0.0
0.001553
0.036408
0.405209
1.365038
0.890514
2.752174
1.685684
1.4810830000000001
1.039517
0.308349
0.005234
0.0
0.0
0.0
0.0
0.0
0.0
0.0
0.0
0.0
0.0
0.0
0.0
0.0
0.013004
0.12722
0.9614170000000001
1.226603
1.65367
1.763452
1.712958
1.4473520000000002
0.8946580000000001
0.270512
0.033107
0.0
0.0
0.0
0.0
0.0
0.0
0.0
0.0
0.0
0.0
0.0
0.0
0.0
0.021825
0.165658
0.930126
1.364776
1.642698
1.668777
1.971549
1.738083
0.919926
0.219255
0.020078
0.0
0.0
0.0
0.0
0.0
0.0
0.0
0.0
0.0
0.0
0.0
0.0
0.0
0.0
0.17236
0.871168
1.745891
1.7483330000000001
1.7720150000000001
1.758748
1.6609800000000001
1.1166120000000002
0.412646
0.028224
0.0
0.0
0.0
0.0
0.0
0.0
0.0
0.0
0.0
0.0
0.0
0.0
0.0
0.0
0.0035009999999999998
0.264364
0.31370299999999995
0.412298
0.20747300000000002
0.6194529999999999
0.5194070000000001
0.359666
0.050844
0.0
0.0
0.0
0.0
0.0
0.0
0.0
0.0
0.0
0.0
0.0
0.0
0.0
0.0
0.045459000000000006
0.0034879999999999998
0.032985999999999994
0.250077
0.756798
0.339354
0.24230500000000002
0.6378010000000001
0.537972
0.45515300000000003
0.026112
0.0
0.0
0.0
0.0
0.0
0.0
0.0
0.0
0.0
0.0
0.0
0.0
0.0
0.016931
0.030192
0.042066
0.099618
0.42402100000000004
0.413374
0.6971069999999999
0.266885
0.16012600000000002
0.041895
0.011678000000000001
0.0
0.0
0.0
0.0
0.0
0.0
0.0
0.0
0.0
0.0
0.0
0.0
0.0
0.003078
0.658121
0.7633869999999999
1.87662
2.0752289999999998
2.171477
1.695292
1.491096
1.180428
0.689195
0.033563
0.0
0.0
0.0
0.0
0.0
0.0
0.0
0.0
0.0
0.0
0.0
0.0
0.0
0.0029820000000000003
0.254074
0.349313
1.017889
0.630522
0.576924
0.053478000000000005
0.382144
0.5290130000000001
0.029939
0.013911
0.0
0.0
0.0
0.0
0.0
0.0
0.0
0.0
0.0
0.0
0.0
0.0
0.0
0.01149
0.345152
1.1081990000000002
1.4231859999999998
1.587962
1.863582
1.6839490000000001
0.910144
0.753856
0.46064499999999997
0.019949
0.0
0.0
0.0
0.0
0.0
0.0
0.0
0.0
0.0
0.0
0.0
0.0
0.0
0.0
0.0
0.024796
0.064341
0.091854
0.5095419999999999
0.7373310000000001
0.5554450000000001
0.605136
0.169961
0.012712
0.0
0.0
0.0
0.0
0.0
0.0
0.0
0.0
0.0
0.0
0.0
0.0
0.0
0.088472
0.374685
0.470117
0.643893
1.2514960000000002
1.5212539999999999
0.45445100000000005
0.493705
0.45399700000000004
0.26837
0.007594999999999999
0.0
0.0
0.0
0.0
0.0
0.0
0.0
0.0
0.0
0.0
0.0
0.0
0.0
0.006325
0.006757
0.120381
1.204389
0.6998970000000001
0.8590979999999999
1.216127
0.291516
0.10113
0.021377
0.0
0.0
0.0
0.0
0.0
0.0
0.0
0.0
0.0
0.0
0.0
0.0
0.0
0.0
0.00058
0.009743
0.027555
0.045405
0.32699599999999995
0.758968
0.542296
0.5681069999999999
0.369454
0.024617999999999998
0.0
0.0
0.0
0.0
0.0
0.0
0.0
0.0
0.0
0.0
0.0
0.0
0.0
0.0
0.003421
0.101744
0.57813
0.837642
1.13917
1.183568
0.6790900000000001
0.584621
1.128625
0.539967
0.0
0.0
0.0
0.0
0.0
0.0
0.0
0.0
0.0
0.0
0.0
0.0
0.0
0.0
0.039366
0.473569
1.214259
1.617823
1.884412
1.996787
1.917612
1.764222
1.18008
0.5612910000000001
0.126532
0.0
0.0
0.0
0.0
0.0
0.0
0.0
0.0
0.0
0.0
0.0
0.0
0.0
0.0
0.009787
0.13611099999999998
0.497288
1.267791
1.828092
1.4766869999999999
1.591106
1.00345
0.295753
0.019643
0.0
0.0
0.0
0.0
0.0
0.0
0.0
0.0
0.0
0.0
0.0
0.0
0.0
0.024377
0.012727
1.368817
0.739437
1.8698510000000002
2.0429459999999997
1.946247
1.7498070000000001
1.1730019999999999
0.568505
0.019609
0.0
0.0
0.0
0.0
0.0
0.0
0.0
0.0
0.0
0.0
0.0
0.0
0.0
0.08856
0.6001770000000001
1.3773119999999999
1.7287750000000002
1.294904
1.5215589999999999
1.988836
1.774452
1.2206489999999999
0.63161
0.040336
0.0
0.0
0.0
0.0
0.0
0.0
0.0
0.0
0.0
0.0
0.0
0.0
0.0
0.0
0.464298
0.476089
1.3756959999999998
1.8470239999999998
2.07105
2.829222
1.8807429999999998
1.322608
0.6996789999999999
0.061389000000000006
0.0
0.0
0.0
0.0
0.0
0.0
0.0
0.0
0.0
0.0
0.0
0.0
0.0
0.0
0.095457
0.345673
1.6408179999999999
1.5086890000000002
1.4952239999999999
1.32745
1.3792360000000001
1.049283
0.277235
0.0
0.0
0.0
0.0
0.0
0.0
0.0
0.0
0.0
0.0
0.0
0.0
0.0
0.0
0.0
0.340645
1.455924
1.2074259999999999
0.179763
1.5687639999999998
1.886981
1.9727629999999998
1.047302
0.73681
0.07413299999999999
0.0
0.0
0.0
0.0
0.0
0.0
0.0
0.0
0.0
0.0
0.0
0.0
0.0
0.10571599999999999
0.725151
1.29781
1.409761
1.2360250000000002
1.707845
1.809917
0.7560589999999999
1.2985039999999999
0.631231
0.104947
0.0
0.0
0.0
0.0
0.0
0.0
0.0
0.0
0.0
0.0
0.0
0.0
0.0
0.192717
0.296979
1.333352
1.324751
1.507997
1.3585180000000001
2.124679
1.851873
1.436186
0.74688
0.117245
0.0
0.0
0.0
0.0
0.0
0.0
0.0
0.0
0.0
0.0
0.0
0.0
0.0
0.123154
0.552976
1.125492
1.0368
1.698491
1.084878
1.8101969999999998
1.149172
0.8174980000000001
0.213411
0.003178
0.0
0.0
0.0
0.0
0.0
0.0
0.0
0.0
0.0
0.0
0.0
0.0
0.0073230000000000005
0.0
0.087524
0.452198
0.587075
0.322637
0.159031
0.738226
0.857915
0.724293
0.9144990000000001
0.07668699999999999
0.0
0.0
0.0
0.0
0.0
0.0
0.0
0.0
0.0
0.0
0.0
0.0
0.0
0.0
0.038662999999999996
0.826893
0.504917
0.5502400000000001
0.630459
0.676295
1.112318
1.077936
0.931035
0.192768
0.0
0.0
0.0
0.0
0.0
0.0
0.0
0.0
0.0
0.0
0.0
0.0
0.0016510000000000001
0.171138
0.7553300000000001
0.439007
1.3107460000000002
1.460738
1.430662
0.691236
0.542142
0.686082
0.11932899999999999
0.01745
0.0
0.0
0.0
0.0
0.0
0.0
0.0
0.0
0.0
0.0
0.0
0.0
0.031859
0.000594
0.410329
1.572655
2.007559
2.2752869999999996
2.305189
2.151027
1.978909
1.404895
0.8080040000000001
0.19891999999999999
0.0
0.0
0.0
0.0
0.0
0.0
0.0
0.0
0.0
0.0
0.0
0.0
0.011005000000000001
0.184162
0.88566
1.701586
2.882549
2.1762620000000004
3.2019499999999996
1.6913209999999999
0.990733
1.400445
0.836447
0.059936
0.009492
0.0
0.0
0.0
0.0
0.0
0.0
0.0
0.0
0.0
0.0
0.0
0.0
0.359259
1.098668
1.74959
1.975999
2.038863
0.456453
1.446501
0.498289
0.571158
0.791596
0.288236
0.005719999999999999
0.0
0.0
0.0
0.0
0.0
0.0
0.0
0.0
0.0
0.0
0.0
0.040257
0.252946
0.923859
2.3042469999999997
2.065306
1.798466
1.677453
1.888327
1.351577
0.856799
0.38931099999999996
0.014882
0.018841999999999998
0.0
0.0
0.0
0.0
0.0
0.0
0.0
0.0
0.0
0.0
0.0
0.0
0.009380000000000001
0.09407299999999999
0.13597499999999998
1.0181069999999999
1.227231
1.411326
0.826683
0.964784
0.615591
0.218494
0.0
0.010879
0.0
0.0
0.0
0.0
0.0
0.0
0.0
0.0
0.0
0.0
0.0
0.0
0.038923
0.695517
1.131181
1.331344
1.4755630000000002
2.1533189999999998
1.9843510000000002
2.581857
1.462081
0.721895
0.5221480000000001
0.037561
0.0
0.0
0.0
0.0
0.0
0.0
0.0
0.0
0.0
0.0
0.0
0.0
0.0
0.090223
0.307807
0.717529
2.447648
2.06346
2.025948
1.387492
1.10632
0.427949
0.291916
0.0
0.0
0.0
0.0
0.0
0.0
0.0
0.0
0.0
0.0
0.0
0.0
0.0
0.649362
1.1065440000000002
1.77681
2.8300639999999997
3.1138850000000002
2.400214
3.0155990000000004
2.006236
2.090163
1.352674
0.537359
0.012057
0.0
0.0
0.0
0.0
0.0
0.0
0.0
0.0
0.0
0.0
0.0
0.0
0.0
0.003729
0.11624
0.92691
1.9663989999999998
1.921672
2.254823
1.870456
0.10549299999999999
0.880651
0.128287
0.018744
0.0
0.0
0.0
0.0
0.0
0.0
0.0
0.0
0.0
0.0
0.0
0.056433
0.365088
0.9762799999999999
1.598017
1.776945
2.010751
3.142734
2.989884
1.940955
1.1551010000000002
1.4000730000000001
0.571483
0.043006
0.0
0.0
0.0
0.0
0.0
0.0
0.0
0.0
0.0
0.0
0.0
0.008882
0.28521300000000005
1.2781479999999998
1.777462
2.190645
2.515631
2.4718359999999997
2.326959
1.8401310000000002
1.3657929999999998
0.696079
0.347503
0.001295
0.0
0.0
0.0
0.0
0.0
0.0
0.0
0.0
0.0
0.0
0.0
0.061937
0.5517730000000001
1.275877
1.6029639999999998
0.615097
2.074506
1.859839
1.867511
1.3637029999999999
0.418902
0.5179199999999999
0.24623699999999998
0.049008
0.0
0.0
0.0
0.0
0.0
0.0
0.0
0.0
0.0
0.0
0.0
0.0
0.09352500000000001
0.029345
1.0583930000000001
1.135143
0.600418
0.240043
0.554954
0.538858
0.844981
0.581997
0.017667000000000002
0.0
0.0
0.0
0.0
0.0
0.0
0.0
0.0
0.0
0.0
0.0
0.0
0.000217
0.14626
0.324926
0.2729
0.693629
1.024534
1.524513
1.2204249999999999
1.1653030000000002
0.9380069999999999
0.668045
0.5778220000000001
0.052961
0.0
0.0
0.0
0.0
0.0
0.0
0.0
0.0
0.0
0.0
0.0
0.25856599999999996
0.01783
0.196614
0.5568139999999999
1.0345280000000001
1.2217049999999998
1.657058
2.291414
1.623475
1.451027
0.8996130000000001
0.407337
0.007181
0.0
0.0
0.0
0.0
0.0
0.0
0.0
0.0
0.0
0.0
0.0
0.262905
0.438401
0.990114
2.305758
2.704433
2.903612
2.938846
2.7882379999999998
2.483736
1.9918699999999998
1.3426790000000002
0.584389
0.071008
0.0
0.0
0.0
0.0
0.0
0.0
0.0
0.0
0.0
0.0
0.0
0.271172
0.165047
1.19729
1.543805
2.023446
2.320325
2.38911
2.2662820000000004
2.0499650000000003
1.7243979999999999
0.924885
0.6008680000000001
0.08533400000000001
0.0
0.0
0.0
0.0
0.0
0.0
0.0
0.0
0.0
0.0
0.0
0.000312
0.6713450000000001
1.372999
2.01008
2.439744
2.531134
2.516108
2.239777
2.099847
1.526324
0.984154
0.168752
0.08939
0.0
0.0
0.0
0.0
0.0
0.0
0.0
0.0
0.0
0.0
0.0
0.038533
0.565335
1.326263
1.925778
2.356673
2.60103
3.066786
2.937915
2.599438
2.096531
1.42124
0.21133000000000002
0.09544899999999999
0.0
0.0
0.0
0.0
0.0
0.0
0.0
0.0
0.0
0.0
0.0
0.0
0.440443
1.463793
2.4474549999999997
1.8244120000000001
3.077788
1.976615
2.32014
0.79987
0.681707
0.005979
0.008903000000000001
0.009136
0.0
0.0
0.0
0.0
0.0
0.0
0.0
0.0
0.0
0.0
0.0
0.012177
0.511791
1.354252
1.9457529999999998
2.414251
3.0842739999999997
3.088421
2.9133069999999996
2.567962
2.061982
1.404561
0.635288
0.022709
0.0
0.0
0.0
0.0
0.0
0.0
0.0
0.0
0.0
0.0
0.0
0.32940499999999995
1.060218
1.800995
2.389504
2.4280120000000003
2.584546
2.583268
2.381666
2.16694
1.783285
1.370892
0.6279629999999999
0.114399
0.0
0.0
0.0
0.0
0.0
0.0
0.0
0.0
0.0
0.0
0.0
0.035941
0.304029
0.7953020000000001
1.1398869999999999
1.715124
1.6983219999999999
2.125027
1.0414290000000002
1.0016720000000001
0.23213499999999998
0.234882
0.011729
0.141607
0.0
0.0
0.0
0.0
0.0
0.0
0.0
0.0
0.0
0.0
0.0
0.0
0.023792999999999998
0.21603899999999998
0.5956889999999999
1.006842
1.632905
2.883605
2.7211950000000003
1.931983
1.6080109999999999
1.048642
0.615533
0.037691
0.0
0.0
0.0
0.0
0.0
0.0
0.0
0.0
0.0
0.0
0.0
0.000488
0.7628250000000001
1.0534729999999999
2.3271460000000004
2.775407
3.0114430000000003
3.012856
0.599082
1.76014
2.011433
1.374296
0.653556
0.0
0.0
0.0
0.0
0.0
0.0
0.0
0.0
0.0
0.0
0.0
0.017469000000000002
0.4077
1.193363
1.954506
2.545984
2.932049
3.111527
1.488825
1.698732
0.7699819999999999
0.398561
0.21849000000000002
0.014686
0.124666
0.0
0.0
0.0
0.0
0.0
0.0
0.0
0.0
0.0
0.0
0.004599
0.41568299999999997
1.1977829999999998
1.965479
2.562232
2.982737
3.190491
3.2080070000000003
3.033986
2.6782399999999997
2.1596529999999996
1.495935
0.699766
0.134441
0.0
0.0
0.0
0.0
0.0
0.0
0.0
0.0
0.0
0.0
0.003023
0.423662
0.6670940000000001
1.241879
1.0501179999999999
2.1485079999999996
1.873853
1.7605920000000002
1.6690340000000001
1.6257329999999999
1.421714
1.193842
0.6852630000000001
0.053704999999999996
0.0
0.0
0.0
0.0
0.0
0.0
0.0
0.0
0.0
0.0
0.0
0.0
0.100667
0.373529
0.663653
0.592268
1.029923
1.332387
2.005135
2.1000639999999997
0.895733
1.030027
0.32345
0.0
0.0
0.0
0.0
0.0
0.0
0.0
0.0
0.0
0.0
0.0
0.028157
0.43331400000000003
1.1866489999999998
1.924567
1.842317
2.314497
2.4989540000000003
2.412629
2.310473
1.87491
1.346635
1.076565
0.505444
0.107209
0.0
0.0
0.0
0.0
0.0
0.0
0.0
0.0
0.0
0.0
0.018036999999999997
0.46910700000000005
1.2515319999999999
1.265394
2.066249
2.3806909999999997
2.552359
2.610599
2.456254
1.993756
1.563289
1.0269359999999998
0.493094
0.036892
0.0
0.0
0.0
0.0
0.0
0.0
0.0
0.0
0.0
0.0
0.0
0.0
0.026565000000000002
0.707615
1.949733
2.323104
3.134962
3.181271
3.026257
2.674846
2.169201
1.517124
0.735891
0.142027
0.007085
0.0
0.0
0.0
0.0
0.0
0.0
0.0
0.0
0.0
0.024196000000000002
0.491469
0.27545800000000004
0.23046
0.654263
0.9597100000000001
2.049223
2.400297
2.290983
2.012104
1.3333510000000002
0.983848
0.436106
0.016624
0.0
0.0
0.0
0.0
0.0
0.0
0.0
0.0
0.0
0.0
0.0
0.0
0.020992999999999998
0.044305
0.22035300000000002
0.262153
0.22437700000000002
0.439744
0.417996
0.321717
0.082777
0.071514
0.014988
0.008455
0.0
0.0
0.0
0.0
0.0
0.0
0.0
0.0
0.0
0.0
0.022005
0.003477
1.185317
0.298438
0.419887
0.845964
1.241484
0.30186399999999997
0.361951
0.31899500000000003
0.49814600000000003
0.25649
0.056822000000000004
0.126992
0.0
0.0
0.0
0.0
0.0
0.0
0.0
0.0
0.0
0.0
0.07330800000000001
0.5084069999999999
0.024469
2.008721
2.5962240000000003
3.029095
0.521663
0.57882
0.569031
0.919612
0.534453
0.33024000000000003
0.40960700000000005
0.040707
0.0
0.0
0.0
0.0
0.0
0.0
0.0
0.0
0.0
0.0
0.0
0.0
0.116655
0.800479
1.847117
2.404882
2.544552
2.8150399999999998
2.476359
2.163232
2.1670949999999998
1.543063
0.7898310000000001
0.206996
0.0
0.0
0.0
0.0
0.0
0.0
0.0
0.0
0.0
0.0
0.07078799999999999
0.5136989999999999
1.250827
1.979897
2.572085
2.9814279999999997
1.89082
2.082683
1.53539
1.580362
1.3014480000000002
1.055043
0.017738
0.011349
0.0
0.0
0.0
0.0
0.0
0.0
0.0
0.0
0.0
0.0
0.0
0.003287
0.06826399999999999
0.832312
1.226229
1.691125
2.1295659999999996
2.6340149999999998
2.572531
2.3379920000000003
2.2223159999999997
1.093119
0.579737
0.27348
0.0
0.0
0.0
0.0
0.0
0.0
0.0
0.0
0.0
0.0
0.0
0.003282
0.083512
0.21116
0.578082
0.341991
0.14385
0.984159
0.887473
0.7680560000000001
0.36632
0.171995
0.026463
0.0
0.0
0.0
0.0
0.0
0.0
0.0
0.0
0.0
0.0
0.0
0.082667
0.0
0.195441
0.19809800000000002
0.650419
0.790138
0.23468799999999998
0.362487
0.28448700000000005
0.663766
0.278215
0.26401600000000003
0.266838
0.037328
0.0
0.0
0.0
0.0
0.0
0.0
0.0
0.0
0.0
0.0
0.08348
0.006221
1.3804960000000002
1.014122
1.979547
2.196
2.680214
2.817694
2.3907950000000002
1.891238
2.312747
1.654588
0.8510570000000001
0.19346100000000002
0.0034750000000000002
0.0
0.0
0.0
0.0
0.0
0.0
0.0
0.0
0.0
0.081525
0.621799
1.4427159999999999
2.16262
2.0886280000000004
3.08179
2.798672
2.542162
2.514007
2.034455
2.253248
1.616245
0.8407789999999999
0.20491499999999999
0.033354
0.0
0.0
0.0
0.0
0.0
0.0
0.0
0.0
0.0
0.08466
0.601414
1.355353
2.019668
1.9711189999999998
2.56827
3.1793679999999997
3.2249369999999997
3.086134
2.3592649999999997
2.2849609999999996
1.644942
0.856337
0.204899
0.0
0.0
0.0
0.0
0.0
0.0
0.0
0.0
0.0
0.0
0.086227
0.614709
0.18030600000000002
0.08903900000000001
0.15822
0.43278500000000003
0.42232400000000003
0.676218
0.796102
0.575551
0.528437
0.555551
0.876395
0.217795
0.035705
0.0
0.0
0.0
0.0
0.0
0.0
0.0
0.0
0.0
0.100726
0.6393479999999999
1.454172
2.1822060000000003
1.9788789999999998
1.8354570000000001
1.867507
1.988237
2.2681370000000003
2.088419
1.349755
1.683115
0.884651
0.224018
0.037651000000000004
0.0
0.0
0.0
0.0
0.0
0.0
0.0
0.0
0.0
0.097135
0.6291749999999999
1.147202
2.069663
1.9767560000000002
2.593963
2.6848850000000004
2.779375
3.0312240000000004
2.1914070000000003
2.236093
1.151743
0.863317
0.238978
0.011635
0.0
0.0
0.0
0.0
0.0
0.0
0.0
0.0
0.0
0.0
0.0
0.006059999999999999
1.015365
0.69886
1.090325
1.018351
2.023898
1.329306
0.525293
1.066311
0.828851
0.420296
0.182339
0.006539
0.0
0.0
0.0
0.0
0.0
0.0
0.0
0.0
0.0
0.0
0.032948
0.062513
0.04077600000000001
0.15432200000000001
0.290813
0.599754
1.160875
0.386353
0.2974
0.293379
0.19315700000000002
0.111241
0.003005
0.0
0.0
0.0
0.0
0.0
0.0
0.0
0.0
0.0
0.0
0.034652
0.009056
0.056051000000000004
1.100711
1.962259
2.189116
2.1200579999999998
2.171472
2.028146
1.6258569999999999
1.1857950000000002
1.142863
0.397451
0.01439
0.0
0.0
0.0
0.0
0.0
0.0
0.0
0.0
0.0
0.0
0.0
0.0
0.235695
0.441149
1.1111179999999998
0.9223600000000001
1.501464
2.1367559999999997
1.356072
0.92872
0.950712
0.849053
0.755385
0.11892799999999999
0.038162
0.0
0.0
0.0
0.0
0.0
0.0
0.0
0.0
0.0
0.008807
0.31875
0.8337089999999999
0.862308
1.669769
2.2664299999999997
2.6657260000000003
2.638274
2.464627
2.0863449999999997
1.771076
1.228569
0.648281
0.30144099999999996
0.039437
0.0
0.0
0.0
0.0
0.0
0.0
0.0
0.0
0.0
0.124692
0.634481
1.3670660000000001
2.017541
2.5524989999999996
2.6217289999999998
3.1093420000000003
3.1433380000000004
2.997764
2.684804
2.2261480000000002
1.630394
0.887302
0.244431
0.033604
0.0
0.0
0.0
0.0
0.0
0.0
0.0
0.0
0.0
0.118363
0.621797
1.329624
1.950616
2.447452
2.794247
2.996658
3.052011
2.946764
2.648791
2.189398
1.608211
0.8793139999999999
0.25545
0.036606
0.0
0.0
0.0
0.0
0.0
0.0
0.0
0.0
0.0
0.124363
0.611004
1.274984
1.854184
2.301428
2.607948
2.773125
2.682291
2.550868
2.274445
1.946765
1.4296410000000002
0.822879
0.315992
0.041809
0.0
0.0
0.0
0.0
0.0
0.0
0.0
0.0
0.0
0.143454
0.565947
1.1837149999999999
1.795683
2.2671439999999996
2.694005
2.959192
3.04627
2.945161
2.670776
2.235478
1.656708
0.917271
0.257335
0.041707
0.0
0.0
0.0
0.0
0.0
0.0
0.0
0.0
0.0
0.11284699999999999
0.6778630000000001
1.461242
2.141602
2.673184
3.063619
3.271623
3.293437
3.135206
2.787952
2.2949859999999997
1.67476
0.9128200000000001
0.258444
0.042226999999999994
0.0
0.0
0.0
0.0
0.0
0.0
0.0
0.0
0.0
0.138641
0.624452
1.3177889999999999
1.923488
2.406719
2.169553
2.077364
2.567986
1.867194
2.604151
2.134975
1.163902
0.7534890000000001
0.081885
0.00611
0.0
0.0
0.0
0.0
0.0
0.0
0.0
0.0
0.0
0.12034399999999999
0.65147
1.377364
1.563715
2.064668
2.4600929999999996
2.649521
2.793399
2.6534250000000004
2.671503
2.2217890000000002
1.6410660000000001
0.914709
0.27086200000000005
0.052768999999999996
0.0
0.0
0.0
0.0
0.0
0.0
0.0
0.0
0.0
0.122032
0.653339
1.3609149999999999
1.961039
2.4133240000000002
2.758692
2.949019
3.0296950000000002
2.912516
2.623287
2.1928769999999997
1.629816
0.914885
0.276766
0.056775
0.0
0.0
0.0
0.0
0.0
0.0
0.0
0.0
0.0
0.14305299999999999
0.543927
0.373216
1.291175
0.792079
1.3402070000000001
2.1237510000000004
1.285734
2.872442
2.602432
2.186014
1.3616489999999999
0.7890710000000001
0.377933
0.013382999999999999
0.0
0.0
0.0
0.0
0.0
0.0
0.0
0.0
0.0
0.140858
0.47181799999999996
0.7960309999999999
1.219808
1.636673
2.341929
2.311647
2.588406
2.511415
2.3135920000000003
1.924567
0.692579
0.158193
0.008446
0.07204
0.0
0.0
0.0
0.0
0.0
0.0
0.0
0.0
0.0
0.137992
0.6646810000000001
1.380118
2.004074
2.521089
2.871593
3.039081
3.068589
2.918814
2.6122240000000003
2.144444
1.578721
0.37891199999999997
0.005241
0.07844799999999999
0.0
0.0
0.0
0.0
0.0
0.0
0.0
0.0
0.0
0.12073
0.706357
1.467346
2.09611
2.5923049999999996
2.9365360000000003
3.1158069999999998
3.143761
3.000846
2.7009540000000003
2.24843
1.679752
0.9508920000000001
0.275286
0.062303
0.0
0.0
0.0
0.0
0.0
0.0
0.0
0.0
0.0
0.0
0.653847
1.3291579999999998
1.910624
2.3647139999999998
2.670109
2.420132
2.578303
2.713526
2.030504
2.055053
1.5288979999999999
0.8963479999999999
0.136047
0.020707
0.0
0.0
0.0
0.0
0.0
0.0
0.0
0.0
0.0
0.0
0.008865999999999999
0.20536600000000002
1.217675
2.548195
2.5424830000000003
3.080316
2.656572
2.940369
2.634174
2.195955
1.650124
0.958915
0.322137
0.086672
0.0
0.0
0.0
0.0
0.0
0.0
0.0
0.0
0.0
0.153556
0.19462000000000002
0.791533
0.825717
1.160434
1.975339
2.450939
2.6057759999999996
2.944419
2.2448930000000002
1.613896
1.2567059999999999
0.7308450000000001
0.40667200000000003
0.0
0.0
0.0
0.0
0.0
0.0
0.0
0.0
0.0
0.0
0.0
0.07127
0.45254
0.858304
1.346721
1.9463130000000002
2.140777
2.116584
2.1411379999999998
1.333082
0.547239
0.540271
0.008837999999999999
0.003098
0.009029
0.0
0.0
0.0
0.0
0.0
0.0
0.0
0.0
0.0
0.130928
0.727705
0.91142
1.2277170000000002
1.133654
1.0607360000000001
0.41456400000000004
1.468225
1.7288240000000001
1.5040989999999999
2.2959769999999997
1.7292480000000001
0.99585
0.310604
0.078013
0.0
0.0
0.0
0.0
0.0
0.0
0.0
0.0
0.0011339999999999998
0.037962
0.142493
0.3757
0.779759
1.734768
2.202445
2.6069850000000003
2.569613
2.227282
1.992619
1.266796
1.114002
0.7088289999999999
0.34403500000000004
0.001479
0.0
0.0
0.0
0.0
0.0
0.0
0.0
0.0
0.0
0.0
0.011888
0.032036
0.12117499999999999
0.388077
0.283151
0.78623
0.401318
0.62395
0.23562200000000003
0.957741
0.993735
0.969452
0.331695
0.08402899999999999
0.0
0.0
0.0
0.0
0.0
0.0
0.0
0.0
0.0
0.0
0.0
0.5461860000000001
1.053923
1.733677
2.2912399999999997
1.947287
1.87933
1.358744
1.436401
1.4937850000000001
1.2518040000000001
0.902824
0.210631
0.006774
0.0
0.0
0.0
0.0
0.0
0.0
0.0
0.0
0.000515
0.142348
0.696532
1.450079
2.0901959999999997
2.6116550000000003
2.984683
3.215949
3.252978
3.121681
2.271232
1.8144939999999998
1.405178
0.888467
0.26160500000000003
0.039283
0.0
0.0
0.0
0.0
0.0
0.0
0.0
0.0
0.0
0.0
0.00882
0.085241
0.162673
1.029846
0.657529
0.862382
0.889817
0.557356
1.3543109999999998
1.324678
0.33543599999999996
0.998533
0.040625999999999995
0.0
0.0
0.0
0.0
0.0
0.0
0.0
0.0
0.0
0.0
0.0
0.008683
0.915269
0.7346779999999999
1.731253
2.8332379999999997
2.350028
1.946703
1.0833949999999999
1.055025
0.532066
0.574231
0.13969800000000002
0.22522
0.0
0.0
0.0
0.0
0.0
0.0
0.0
0.0
0.0
0.004102000000000001
0.14987299999999998
0.5523239999999999
1.1047609999999999
2.0373699999999997
2.4968649999999997
2.822419
3.0380149999999997
3.088837
2.985035
2.307369
1.909579
1.4226800000000002
0.85174
0.432439
0.138237
0.0
0.0
0.0
0.0
0.0
0.0
0.0
0.0
0.0
0.0
0.35795800000000005
0.65315
2.024296
2.524569
2.898252
3.1317600000000003
3.1649439999999998
3.046143
1.974501
2.312317
1.730715
1.009116
0.338435
0.084702
0.0
0.0
0.0
0.0
0.0
0.0
0.0
0.0
0.001842
0.139874
0.683307
1.412481
2.014961
2.443314
2.812649
3.074333
2.866848
3.040272
2.74783
2.312938
1.742475
1.026634
0.33730200000000005
0.083301
0.0
0.0
0.0
0.0
0.0
0.0
0.0
0.0
0.0
0.0
0.34727600000000003
1.005384
1.464328
1.377787
2.0485610000000003
2.180253
1.831852
1.867065
0.654138
0.209897
0.075357
0.064221
0.352125
0.10283400000000001
0.0
0.0
0.0
0.0
0.0
0.0
0.0
0.0
0.003402
0.13586099999999998
0.693357
1.428309
2.072192
2.589988
2.118369
2.238473
1.6197190000000001
3.070206
2.0625479999999996
1.107517
0.9458759999999999
0.556847
0.220649
0.0
0.0
0.0
0.0
0.0
0.0
0.0
0.0
0.0
0.0034100000000000003
0.14085
0.7058519999999999
1.4646700000000001
2.1098429999999997
2.637197
1.5371110000000001
1.3067870000000001
2.2709430000000004
2.0338119999999997
1.872279
1.408269
1.129385
0.164196
0.344069
0.023471
0.0
0.0
0.0
0.0
0.0
0.0
0.0
0.0
0.0
0.14725200000000002
0.6799120000000001
1.42174
0.5127999999999999
0.23324799999999998
1.395662
1.497403
1.265539
3.019797
1.850103
1.565835
1.1985640000000002
0.749254
0.383954
0.107899
0.0
0.0
0.0
0.0
0.0
0.0
0.0
0.0
0.0025670000000000003
0.150845
0.666282
1.378308
1.9690450000000002
1.2233859999999999
1.532028
2.370748
2.170203
1.7469729999999999
1.007304
0.427762
0.26469600000000004
0.994442
0.357647
0.09472499999999999
0.0
0.0
0.0
0.0
0.0
0.0
0.0
0.0
0.00032700000000000003
0.124399
0.186482
1.352135
1.039677
1.284805
1.4816310000000001
2.1256939999999998
2.924608
2.8369340000000003
2.570847
2.199112
1.059432
0.320553
0.105696
0.092111
0.0
0.0
0.0
0.0
0.0
0.0
0.0
0.0
0.000873
0.0
0.633014
1.308597
0.916775
2.447969
2.820805
3.025054
3.084063
2.969367
2.699967
2.2901640000000003
1.7428009999999998
1.035768
0.351956
0.085816
0.0
0.0
0.0
0.0
0.0
0.0
0.0
0.0
0.00038
0.13815100000000002
0.658431
1.3501969999999999
1.9863979999999999
2.5100160000000002
2.8934949999999997
3.096211
3.1545140000000003
3.0328760000000003
2.740672
2.327938
1.755605
1.034016
0.34560399999999997
0.085035
0.0
0.0
0.0
0.0
0.0
0.0
0.0
0.0
0.0
0.0
0.046628
0.264846
0.656036
1.259769
1.048501
0.542065
2.242283
2.268114
2.153317
1.231088
0.8271430000000001
0.820701
0.13858199999999998
0.0
0.0
0.0
0.0
0.0
0.0
0.0
0.0
0.0
0.0
0.008293
0.177157
0.168208
0.391681
0.33695400000000003
0.670794
2.8681729999999996
2.920884
2.8353420000000003
2.580151
2.179798
1.6517840000000001
1.002305
0.384153
0.10758
0.0
0.0
0.0
0.0
0.0
0.0
0.0
0.0
0.0
0.126157
0.632894
1.331624
1.943152
2.4293679999999997
2.781395
2.997742
3.055136
2.948422
2.673762
2.255859
1.7063730000000001
1.023542
0.35875
0.094888
0.0
0.0
0.0
0.0
0.0
0.0
0.0
0.0
0.0
0.0
0.034711
0.40727199999999997
0.700073
1.11277
1.986586
1.655391
1.925654
1.723282
0.8101130000000001
0.729855
1.142381
0.787233
0.424095
0.020523
0.0
0.0
0.0
0.0
0.0
0.0
0.0
0.0
0.0
0.13516999999999998
0.584145
1.2379939999999998
1.842692
0.8321280000000001
1.490228
1.4588910000000002
2.968748
2.147662
2.587004
1.5298910000000001
1.633522
0.90003
0.36517
0.1036
0.0
0.0
0.0
0.0
0.0
0.0
0.0
0.0
0.0
0.0
0.008414999999999999
0.787534
0.944114
0.6914600000000001
2.007975
1.798308
0.902295
0.986336
1.358258
1.437305
1.6147799999999999
0.863121
0.369781
0.0
0.0
0.0
0.0
0.0
0.0
0.0
0.0
0.0
0.0
0.124722
0.232877
0.45862200000000003
0.9567709999999999
1.5538040000000002
1.674863
2.750493
2.644335
2.720218
1.962711
1.6548669999999999
0.917721
0.130801
0.372311
0.096214
0.0
0.0
0.0
0.0
0.0
0.0
0.0
0.0
0.0010069999999999999
0.110804
0.648802
1.413499
2.077902
2.590261
2.9689140000000003
3.182913
2.681098
2.405306
1.585769
2.362968
1.77817
0.36444299999999996
0.24015199999999998
0.020701
0.0
0.0
0.0
0.0
0.0
0.0
0.0
0.0
0.0
0.0
0.061905999999999996
0.253868
0.587357
0.515831
1.496334
2.4856979999999997
2.238082
2.920329
2.6143330000000002
2.227591
1.720688
1.038952
0.346877
0.07356499999999999
0.0
0.0
0.0
0.0
0.0
0.0
0.0
0.0
0.0
0.094786
0.618114
1.351517
1.998667
0.32226499999999997
0.317576
0.437199
0.495514
0.826029
0.9572569999999999
1.316478
1.73627
1.0278230000000002
0.364047
0.092364
0.0
0.0
0.0
0.0
0.0
0.0
0.0
0.0
0.0
0.101142
0.6214679999999999
0.637836
2.037988
1.1958060000000001
1.58161
3.160263
3.201435
3.074726
2.29946
2.3390999999999997
1.774968
1.058181
0.353728
0.08306999999999999
0.0
0.0
0.0
0.0
0.0
0.0
0.0
0.0
0.0
0.079038
0.535709
0.998772
1.158433
1.5072
2.388952
3.001583
2.727822
3.002852
2.2859520000000004
1.372197
1.123488
0.891908
0.43614600000000003
0.137678
0.0
0.0
0.0
0.0
0.0
0.0
0.0
0.0
0.0
0.0
0.303504
0.48805200000000004
0.715183
1.208637
1.277904
2.585674
2.0604229999999997
2.12456
1.538754
1.439028
0.961382
0.6508579999999999
0.140109
0.13651
0.0
0.0
0.0
0.0
0.0
0.0
0.0
0.0
0.0
0.0
0.585192
0.663208
0.6350990000000001
1.253627
2.84335
3.048053
2.421333
1.713133
1.585302
1.097686
1.013606
0.997122
0.398445
0.07646
0.0
0.0
0.0
0.0
0.0
0.0
0.0
0.0
0.0
0.0
0.08221500000000001
0.561923
0.8253339999999999
1.7952260000000002
1.813982
1.1596520000000001
1.526139
2.235966
2.217609
1.198149
0.88198
0.538018
0.34625
0.09958700000000001
0.0
0.0
0.0
0.0
0.0
0.0
0.0
0.0
0.0
0.0
0.043334000000000004
0.025431000000000002
0.8225739999999999
0.9235
1.321069
2.250618
3.172116
2.5950659999999997
2.780231
2.037084
1.5036420000000001
1.035425
0.410138
0.0
0.0
0.0
0.0
0.0
0.0
0.0
0.0
0.0
0.0
0.097464
0.579581
1.3212300000000001
1.985436
1.2955809999999999
2.896456
1.455946
1.905934
2.431972
2.748764
2.3099380000000003
1.7404439999999999
0.717463
0.329027
0.06787900000000001
0.0
0.0
0.0
0.0
0.0
0.0
0.0
0.0
0.0
0.084617
0.104259
0.438791
1.1859000000000002
1.4192660000000001
0.9393400000000001
2.434984
1.070958
2.494406
0.909103
0.891893
0.542587
0.8047730000000001
0.332832
0.06820399999999999
0.0
0.0
0.0
0.0
0.0
0.0
0.0
0.0
0.0
0.081202
0.45171
0.669489
0.549716
2.5444940000000003
1.394012
1.971571
1.323939
0.744577
0.952508
0.43997800000000004
1.796139
1.0553730000000001
0.33231299999999997
0.068176
0.0
0.0
0.0
0.0
0.0
0.0
0.0
0.0
0.0
0.074744
0.584751
1.342818
2.019787
2.546491
1.6418309999999998
1.668955
2.3230459999999997
2.454228
2.176965
2.30146
1.286549
0.849665
0.403849
0.032368
0.0
0.0
0.0
0.0
0.0
0.0
0.0
0.0
0.0
0.06296
0.428239
0.458472
0.781788
0.711001
0.7966749999999999
1.161691
1.7576880000000001
1.094533
1.015863
0.9296570000000001
0.579238
0.983327
0.323958
0.073298
0.0
0.0
0.0
0.0
0.0
0.0
0.0
0.0
0.0
0.010799
0.540022
1.260125
1.908714
2.4220279999999996
2.797857
3.011583
3.063752
2.9502930000000003
2.65878
2.227778
1.6756600000000001
0.558385
0.309778
0.06643500000000001
0.0
0.0
0.0
0.0
0.0
0.0
0.0
0.0
0.0
0.064803
0.527729
1.242224
0.976015
1.105728
1.47576
1.8926669999999999
2.978186
2.868432
2.594971
2.182233
1.648648
0.969114
0.300046
0.056907
0.0
0.0
0.0
0.0
0.0
0.0
0.0
0.0
0.0
0.06611199999999999
0.524216
0.9091079999999999
1.857252
1.9890619999999999
2.69965
2.912032
2.981305
2.888561
2.64187
2.239502
1.702327
1.001534
0.304742
0.0513
0.0
0.0
0.0
0.0
0.0
0.0
0.0
0.0
0.0
0.06741899999999999
0.509055
1.216428
1.874469
2.3951700000000002
2.784694
3.00923
3.052717
2.933144
2.636956
2.187903
1.624115
0.938446
0.360407
0.031300999999999995
0.0
0.0
0.0
0.0
0.0
0.0
0.0
0.0
0.0
0.084603
0.487209
0.5878150000000001
1.802114
2.3238119999999998
2.703134
2.389074
3.016018
2.914232
2.648275
2.233647
1.684572
0.981975
0.298796
0.052847
0.0
0.0
0.0
0.0
0.0
0.0
0.0
0.0
0.0
0.018976
0.413117
0.918644
1.586511
1.981835
2.260725
2.196357
2.273621
2.4054409999999997
1.920557
0.723047
0.244357
0.38289100000000004
0.243772
0.00626
0.0
0.0
0.0
0.0
0.0
0.0
0.0
0.0
0.0
0.055558
0.49591399999999997
0.8955069999999999
1.4996639999999999
1.988699
2.380152
2.906889
2.959922
2.866244
2.608111
2.196047
1.658127
0.957348
0.292348
0.055564
0.0
0.0
0.0
0.0
0.0
0.0
0.0
0.0
0.0
0.06653
0.486582
1.1749649999999998
1.80942
2.327076
2.72017
2.951289
3.055067
2.9524969999999997
2.6852739999999997
2.2572330000000003
1.684888
0.96289
0.281795
0.048254
0.0
0.0
0.0
0.0
0.0
0.0
0.0
0.0
0.0
0.099595
0.47675
0.744577
0.944434
0.6537179999999999
2.76343
0.575041
0.942959
2.935152
0.858167
0.9798129999999999
0.787969
0.667783
0.23600800000000002
0.0
0.0
0.0
0.0
0.0
0.0
0.0
0.0
0.0
0.0
0.054488
0.499336
1.256559
1.269749
1.688989
2.450592
2.595973
2.636917
2.577509
2.006502
1.410304
1.669953
0.822062
0.343254
0.040862
0.0
0.0
0.0
0.0
0.0
0.0
0.0
0.0
0.0
0.0
0.159423
0.734452
1.057893
1.497363
1.922806
2.14203
2.450264
2.343731
2.199265
1.2834960000000002
0.5338849999999999
0.529983
0.0
0.035893
0.0
0.0
0.0
0.0
0.0
0.0
0.0
0.0
0.0
0.002038
0.247175
0.06908299999999999
0.601303
0.781686
0.860311
1.1570850000000001
3.031011
1.93831
2.65218
1.224401
1.018257
0.9314880000000001
0.281325
0.035711
0.0
0.0
0.0
0.0
0.0
0.0
0.0
0.0
0.0
0.045395000000000005
0.463303
0.839033
1.209873
1.072557
0.7732100000000001
0.223878
1.000746
2.972038
2.69173
2.24943
1.06984
0.7550589999999999
0.31145100000000003
0.0
0.0
0.0
0.0
0.0
0.0
0.0
0.0
0.0
0.0
0.04654
0.45905599999999996
0.35625999999999997
1.886307
1.332318
2.379295
2.415529
2.675017
2.146223
1.85374
1.45482
1.136501
0.811624
0.265915
0.007633
0.0
0.0
0.0
0.0
0.0
0.0
0.0
0.0
0.0
0.041777
0.447487
0.19361699999999998
1.824647
1.0242660000000001
1.860527
2.3379499999999998
2.882009
2.2596149999999997
1.699686
2.162826
1.620302
0.910258
0.251476
0.033275
0.0
0.0
0.0
0.0
0.0
0.0
0.0
0.0
0.0
0.034539
0.462972
1.218666
1.901657
2.428411
2.818538
3.044829
3.0901170000000002
2.9696379999999998
2.682419
2.248557
1.669651
0.929704
0.241816
0.025396000000000002
0.0
0.0
0.0
0.0
0.0
0.0
0.0
0.0
0.0
0.039506
0.06402200000000001
0.166192
0.834379
1.5943530000000001
2.703098
1.915551
2.190388
1.026243
0.981174
1.4417529999999998
1.5731089999999999
0.293569
0.077322
0.030438
0.0
0.0
0.0
0.0
0.0
0.0
0.0
0.0
0.0
0.041530000000000004
0.424682
1.1126120000000002
1.764798
1.438303
2.699899
2.1265430000000003
2.142574
1.503339
1.3777519999999999
0.85812
0.601811
0.716083
0.30138
0.028235
0.0
0.0
0.0
0.0
0.0
0.0
0.0
0.0
0.0
0.041527999999999995
0.416153
0.791566
1.106126
1.609923
1.790623
2.340034
2.3745659999999997
2.185878
2.1878919999999997
1.54064
1.003992
0.733622
0.31132499999999996
0.024966000000000002
0.0
0.0
0.0
0.0
0.0
0.0
0.0
0.0
0.0
0.0
0.304291
0.46613499999999997
0.723952
1.562538
2.655416
2.826066
2.889287
2.806527
2.562709
2.148109
1.5892760000000001
0.863221
0.233071
0.021086999999999998
0.0
0.0
0.0
0.0
0.0
0.0
0.0
0.0
0.0
0.0
0.037301
0.105651
0.219588
0.316005
0.298867
0.218831
0.627936
0.239718
0.283169
0.932353
0.369908
0.8543339999999999
0.229943
0.0
0.0
0.0
0.0
0.0
0.0
0.0
0.0
0.0
0.0
0.011701000000000001
0.395375
1.114104
1.822079
2.387111
2.801837
1.588481
2.298668
3.0014969999999996
2.694493
2.223132
1.6228399999999998
0.867961
0.21496700000000002
0.024917
0.0
0.0
0.0
0.0
0.0
0.0
0.0
0.0
0.0
0.003758
0.058167
1.144481
1.863128
1.630725
0.766298
1.447859
0.453111
1.7113019999999999
1.656453
1.256823
0.306968
0.302422
0.223119
0.0
0.0
0.0
0.0
0.0
0.0
0.0
0.0
0.0
0.0
0.0
0.308395
0.18096
0.150108
1.300324
1.3663420000000002
1.537837
1.7415180000000001
1.093829
1.828605
2.153046
1.555937
0.6665449999999999
0.250031
0.0
0.0
0.0
0.0
0.0
0.0
0.0
0.0
0.0
0.0
0.01322
0.376447
1.092668
1.8043230000000001
1.452027
1.8154000000000001
2.04942
2.669491
2.9108110000000003
2.021069
1.653114
1.016189
0.653366
0.16472499999999998
0.004753
0.0
0.0
0.0
0.0
0.0
0.0
0.0
0.0
0.0
0.016826
0.380818
1.1341649999999999
1.840908
2.3824140000000003
2.778856
2.2353449999999997
3.035358
2.5377240000000003
2.624379
2.164214
1.565856
0.8151280000000001
0.196932
0.017375
0.0
0.0
0.0
0.0
0.0
0.0
0.0
0.0
0.0
0.011908
0.35068400000000005
0.580258
0.914541
1.468539
2.723098
2.9648440000000003
3.0367469999999996
2.899259
2.571317
1.436367
1.252203
0.45682999999999996
0.127842
0.0
0.0
0.0
0.0
0.0
0.0
0.0
0.0
0.0
0.0
0.0
0.0
0.034143
0.16136
0.097322
0.418965
2.917634
2.971497
1.600451
0.668843
0.27506
1.515191
0.786361
0.187799
0.013795
0.0
0.0
0.0
0.0
0.0
0.0
0.0
0.0
0.0
0.005161
0.183565
0.596572
1.295678
1.238016
1.9172280000000002
2.172888
2.113078
2.8784409999999996
2.581991
2.119268
1.518634
0.7786280000000001
0.17537
0.010095
0.0
0.0
0.0
0.0
0.0
0.0
0.0
0.0
0.0
0.008060000000000001
0.33853300000000003
1.045271
1.747468
2.306944
2.72303
2.944014
3.008856
2.878984
2.573789
2.125818
1.516334
0.7680159999999999
0.143736
0.00108
0.0
0.0
0.0
0.0
0.0
0.0
0.0
0.0
0.0
0.003209
0.33398500000000003
0.16455099999999998
0.943298
1.522569
0.9679289999999999
0.794906
0.6688310000000001
0.9337179999999999
0.998817
0.635715
0.610051
0.749768
0.167077
0.0
0.0
0.0
0.0
0.0
0.0
0.0
0.0
0.0
0.0
0.001555
0.33141699999999996
1.0557249999999998
0.9551499999999999
0.720582
0.745933
0.7524109999999999
0.36142399999999997
0.816757
0.916267
1.1556739999999999
1.460732
0.730734
0.163586
0.0
0.0
0.0
0.0
0.0
0.0
0.0
0.0
0.0
0.0
0.0
0.0
0.014121
0.033854
0.410545
1.221942
0.884546
1.759058
2.802964
2.495956
1.0460319999999999
0.664618
0.711508
0.140991
0.0
0.0
0.0
0.0
0.0
0.0
0.0
0.0
0.0
0.0
0.0
0.307024
0.022536999999999998
0.374054
0.691788
1.637773
2.9096379999999997
2.974141
2.851404
2.566169
2.090684
1.473072
0.7152050000000001
0.143852
0.0
0.0
0.0
0.0
0.0
0.0
0.0
0.0
0.0
0.0
0.0
0.292254
0.037351999999999996
0.113704
0.312946
2.5131390000000002
1.915521
1.605154
1.064373
0.42266000000000004
0.196249
1.4017490000000001
0.676761
0.14996500000000001
0.0
0.0
0.0
0.0
0.0
0.0
0.0
0.0
0.0
0.0
0.0
0.276
0.025399
0.16094999999999998
0.759087
0.9423429999999999
1.888617
1.965381
1.8429259999999998
1.467466
0.6665979999999999
0.583321
0.309225
0.155622
0.0
0.0
0.0
0.0
0.0
0.0
0.0
0.0
0.0
0.0
0.0
0.0
0.0
0.161188
0.729765
0.52359
2.6456
2.840767
2.7195709999999997
2.39604
1.920642
1.3263479999999999
0.645883
0.123646
0.0
0.0
0.0
0.0
0.0
0.0
0.0
0.0
0.0
0.0
0.0
0.280737
0.990207
1.711391
0.573624
2.658162
2.8830430000000002
2.909623
2.785649
2.467331
1.995769
1.3749580000000001
0.641988
0.111091
0.0
0.0
0.0
0.0
0.0
0.0
0.0
0.0
0.0
0.0
0.0
0.252963
0.894124
1.591745
2.151586
2.548923
2.777375
2.723674
2.596383
0.464619
0.272837
0.37632
0.6108450000000001
0.10757800000000001
0.0
0.0
0.0
0.0
0.0
0.0
0.0
0.0
0.0
0.0
0.0
0.27576799999999996
0.991069
1.7431489999999998
2.301539
2.704615
2.928813
2.958518
2.813339
2.4967289999999998
2.006021
1.369627
0.626242
0.098826
0.0
0.0
0.0
0.0
0.0
0.0
0.0
0.0
0.0
0.0
0.0
0.26522199999999996
0.424088
1.7100840000000002
2.2821770000000003
2.688295
2.892066
2.910632
2.778032
2.469165
1.988993
1.359585
0.610615
0.08393300000000001
0.0
0.0
0.0
0.0
0.0
0.0
0.0
0.0
0.0
0.0
0.0
0.20882
0.7935180000000001
1.451874
2.057517
2.526291
2.796502
2.866221
2.767759
2.464737
1.996191
1.363777
0.603143
0.077222
0.0
0.0
0.0
0.0
0.0
0.0
0.0
0.0
0.0
0.0
0.0
0.241673
0.186933
0.607617
0.8667
2.64114
0.940496
0.962705
0.821389
0.799971
0.618316
0.31916100000000003
0.071665
0.069711
0.0
0.0
0.0
0.0
0.0
0.0
0.0
0.0
0.0
0.0
0.0
0.24763200000000002
0.971546
1.72407
2.2990749999999998
2.6871579999999997
2.897674
0.984599
1.241864
0.767414
1.030828
1.311285
0.5667380000000001
0.061274
0.0
0.0
0.0
0.0
0.0
0.0
0.0
0.0
0.0
0.0
0.0
0.227419
0.908937
1.621743
2.1734839999999997
2.561401
2.772035
2.792809
2.644311
2.3513539999999997
0.984085
1.259431
0.544588
0.05066
0.0
0.0
0.0
0.0
0.0
0.0
0.0
0.0
0.0
0.0
0.0
0.213948
0.891167
0.224429
0.574626
1.239396
1.426061
1.312908
0.987082
0.712657
0.483635
0.348554
0.517608
0.044502
0.0
0.0
0.0
0.0
0.0
0.0
0.0
0.0
0.0
0.0
0.0
0.21316300000000002
0.13419399999999998
1.620541
1.222365
0.670134
0.9997780000000001
0.509931
0.36185500000000004
0.506219
0.39251600000000003
1.246071
0.5199360000000001
0.038509999999999996
0.0
0.0
0.0
0.0
0.0
0.0
0.0
0.0
0.0
0.0
0.0
0.11627599999999999
0.894423
1.6262349999999999
2.2045790000000003
2.5970880000000003
2.808852
2.829079
2.6816999999999998
2.370079
1.896557
1.2475809999999998
0.509467
0.033649
0.0
0.0
0.0
0.0
0.0
0.0
0.0
0.0
0.0
0.0
0.0
0.140422
0.879692
0.6770170000000001
1.280626
1.570953
1.305422
0.5255080000000001
1.449725
0.411391
0.5131749999999999
0.424939
0.477114
0.027064
0.0
0.0
0.0
0.0
0.0
0.0
0.0
0.0
0.0
0.0
0.0
0.0
0.078375
0.022222000000000002
0.29794
0.24928999999999998
0.707078
0.732902
0.37644
0.150749
0.09219799999999999
0.147687
0.456217
0.005875
0.0
0.0
0.0
0.0
0.0
0.0
0.0
0.0
0.0
0.0
0.0
0.06540699999999999
0.510859
0.812986
1.176106
2.544634
1.7623499999999999
0.9205099999999999
1.662507
1.0886959999999999
0.935341
0.546665
0.122707
0.0
0.0
0.0
0.0
0.0
0.0
0.0
0.0
0.0
0.0
0.0
0.0
0.188683
0.908931
1.6765
2.271064
0.8344389999999999
2.920937
1.0511869999999999
0.861501
2.4325799999999997
0.791881
1.2278820000000001
0.45711399999999996
0.028690999999999998
0.0
0.0
0.0
0.0
0.0
0.0
0.0
0.0
0.0
0.0
0.0
0.0
0.187179
0.188227
2.164107
1.59449
1.8644349999999998
1.566069
1.818362
1.3208689999999998
0.928771
0.8053680000000001
0.143087
0.015515000000000001
0.0
0.0
0.0
0.0
0.0
0.0
0.0
0.0
0.0
0.0
0.0
0.091586
0.203678
0.742525
1.755493
2.1028200000000004
1.734697
1.927078
1.127957
0.807385
0.455934
0.389414
0.21498599999999998
0.0
0.0
0.0
0.0
0.0
0.0
0.0
0.0
0.0
0.0
0.0
0.0
0.15210900000000002
0.815685
0.518385
2.117277
2.501982
2.7175599999999998
2.7373670000000003
2.598627
1.379732
1.767325
1.104607
0.382582
0.018916
0.0
0.0
0.0
0.0
0.0
0.0
0.0
0.0
0.0
0.0
0.0
0.148761
0.028535
1.563256
2.126009
2.503978
1.167556
0.9388970000000001
0.6835979999999999
0.692213
0.44721
0.310699
0.093477
0.017178000000000002
0.0
0.0
0.0
0.0
0.0
0.0
0.0
0.0
0.0
0.0
0.0
0.07355500000000001
0.028971
1.5950039999999999
2.1661129999999997
1.479527
1.0442829999999999
1.096687
1.227448
2.225645
1.727171
1.0480699999999998
0.355541
0.010085
0.0
0.0
0.0
0.0
0.0
0.0
0.0
0.0
0.0
0.0
0.0
0.062529
0.5615800000000001
1.247194
1.18831
1.362767
1.57721
1.41082
0.984255
0.758005
0.617633
0.22995500000000002
0.0
0.0
0.0
0.0
0.0
0.0
0.0
0.0
0.0
0.0
0.0
0.0
0.0
0.10536100000000001
0.713302
1.452834
1.485291
1.968857
2.275119
2.3203359999999997
1.477298
1.2391079999999999
1.098195
0.662188
0.07871299999999999
0.0
0.0
0.0
0.0
0.0
0.0
0.0
0.0
0.0
0.0
0.0
0.0
0.105209
0.725463
1.461884
2.043599
2.4456770000000003
2.659167
2.6732530000000003
2.516708
2.189503
1.694153
1.012529
0.313347
0.0
0.0
0.0
0.0
0.0
0.0
0.0
0.0
0.0
0.0
0.0
0.0
0.088791
0.698745
1.434289
2.022339
2.437157
2.66506
2.7331640000000004
2.5760709999999998
2.221116
1.699093
0.997226
0.293454
0.0
0.0
0.0
0.0
0.0
0.0
0.0
0.0
0.0
0.0
0.0
0.0
0.0
0.28918900000000003
1.2796990000000001
1.0670899999999999
1.362652
1.90852
1.599371
1.2485039999999998
0.513038
0.722127
0.349874
0.265486
0.0
0.0
0.0
0.0
0.0
0.0
0.0
0.0
0.0
0.0
0.0
0.0
0.033516
0.081699
1.2937400000000001
0.940714
2.237176
2.436599
2.394209
2.247452
1.925354
1.437461
0.8353700000000001
0.24751499999999999
0.0
0.0
0.0
0.0
0.0
0.0
0.0
0.0
0.0
0.0
0.0
0.0
0.057843000000000006
0.606972
1.322977
1.868329
2.305393
2.536542
2.6287730000000002
2.449815
2.092866
1.578811
0.9059400000000001
0.250956
0.0
0.0
0.0
0.0
0.0
0.0
0.0
0.0
0.0
0.0
0.0
0.0
0.07674299999999999
0.729537
1.527024
2.140076
2.5825489999999998
2.822517
2.8375909999999998
1.955
1.07757
1.09841
0.895274
0.094288
0.0
0.0
0.0
0.0
0.0
0.0
0.0
0.0
0.0
0.0
0.0
0.0
0.008508
0.20193
0.641853
0.860135
0.775511
1.9539069999999998
1.2418930000000001
1.191573
0.8726280000000001
0.260911
0.14763900000000002
0.014504
0.0
0.0
0.0
0.0
0.0
0.0
0.0
0.0
0.0
0.0
0.0
0.0
0.015435
0.09837900000000001
0.246032
0.874423
2.266298
2.478526
2.469026
1.1984860000000002
1.9338989999999998
1.446463
0.5483790000000001
0.001034
0.0
0.0
0.0
0.0
0.0
0.0
0.0
0.0
0.0
0.0
0.0
0.0
0.041921
0.611251
1.3493140000000001
1.927556
2.3213380000000003
2.504421
2.501928
2.318998
1.967008
1.473658
0.804421
0.18723099999999998
0.0
0.0
0.0
0.0
0.0
0.0
0.0
0.0
0.0
0.0
0.0
0.0
0.026165
0.5464640000000001
1.2270750000000001
1.775205
2.196306
2.454449
2.4661269999999997
2.334926
1.9954770000000002
0.063366
0.075351
0.013108999999999999
0.0
0.0
0.0
0.0
0.0
0.0
0.0
0.0
0.0
0.0
0.0
0.0
0.0
0.0
0.0668
0.523141
0.252909
0.454098
0.685956
2.5110590000000004
1.07284
0.172974
0.0
0.11777800000000001
0.0
0.0
0.0
0.0
0.0
0.0
0.0
0.0
0.0
0.0
0.0
0.0
0.0
0.0
0.397197
0.037523
0.011268
0.187968
0.6514249999999999
0.934378
0.014449
0.8897820000000001
0.377742
0.010946999999999998
0.0
0.0
0.0
0.0
0.0
0.0
0.0
0.0
0.0
0.0
0.0
0.0
0.022528
0.690997
1.5424390000000001
2.196886
2.620236
2.864165
2.8705770000000004
2.677895
2.278773
1.684692
0.87689
0.124214
0.0
0.0
0.0
0.0
0.0
0.0
0.0
0.0
0.0
0.0
0.0
0.0
0.022958
0.714507
1.5739130000000001
2.23814
2.673923
2.89227
2.887956
2.6712350000000002
2.258618
1.667568
0.854476
0.090083
0.0
0.0
0.0
0.0
0.0
0.0
0.0
0.0
0.0
0.0
0.0
0.0
0.016874
0.062287999999999996
1.542016
2.194465
2.624151
2.847011
2.8472150000000003
2.647759
2.248493
1.641153
0.8427859999999999
0.066081
0.0
0.0
0.0
0.0
0.0
0.0
0.0
0.0
0.0
0.0
0.0
0.0
0.0
0.064733
0.162766
0.61636
0.7229589999999999
0.823335
0.863486
0.60012
0.819144
0.132378
0.07772799999999999
0.000618
0.0
0.0
0.0
0.0
0.0
0.0
0.0
0.0
0.0
0.0
0.0
0.0
0.0
0.064027
1.371781
1.994916
2.419226
1.661111
2.6320970000000004
2.4372689999999997
2.0655520000000003
1.4992919999999998
0.188939
0.051077
0.0
0.0
0.0
0.0
0.0
0.0
0.0
0.0
0.0
0.0
0.0
0.0
0.0
0.0
0.049292
0.008332
0.213803
0.074759
0.241454
0.10495099999999999
0.048868
0.037439
0.002654
0.0
0.0
0.0
0.0
0.0
0.0
0.0
0.0
0.0
0.0
0.0
0.0
0.0
0.0
0.016622
0.421739
1.937625
1.040403
1.486397
1.576253
1.5269000000000001
1.095164
0.25201
0.28597500000000003
0.008177
0.0
0.0
0.0
0.0
0.0
0.0
0.0
0.0
0.0
0.0
0.0
0.0
0.0
0.198712
0.5794579999999999
1.214441
2.202143
2.434351
2.4644079999999997
2.307186
1.9451420000000001
1.40085
0.665316
0.044877
0.0
0.0
0.0
0.0
0.0
0.0
0.0
0.0
0.0
0.0
0.0
0.0
0.0
0.54991
0.008435
1.94562
1.378181
2.5885599999999998
2.579132
2.3879699999999997
1.999921
1.4203430000000001
0.664775
0.04021
0.0
0.0
0.0
0.0
0.0
0.0
0.0
0.0
0.0
0.0
0.0
0.0
0.0
0.054216
0.0
0.311981
0.05839
0.09059
1.306212
2.513815
2.1195
1.498026
0.693924
0.039034
0.0
0.0
0.0
0.0
0.0
0.0
0.0
0.0
0.0
0.0
0.0
0.0
0.0
0.043132
0.498334
0.846718
1.284432
1.484897
1.333144
1.584086
1.345169
0.720551
0.133232
0.0
0.0
0.0
0.0
0.0
0.0
0.0
0.0
0.0
0.0
0.0
0.0
0.0
0.0
0.037069000000000005
0.0
0.479206
0.057607
0.44134300000000004
1.7462039999999999
2.40409
0.057805
0.6016050000000001
0.131299
0.012191
0.0
0.0
0.0
0.0
0.0
0.0
0.0
0.0
0.0
0.0
0.0
0.0
0.0
0.072957
1.318933
1.948176
0.613027
0.793747
1.38666
1.157905
1.9806780000000002
0.5306219999999999
0.588763
0.0
0.0
0.0
0.0
0.0
0.0
0.0
0.0
0.0
0.0
0.0
0.0
0.0
0.0
0.019321
0.180856
0.634049
0.981478
1.428963
1.309504
1.0210460000000001
0.360774
0.028707
0.079959
0.0
0.0
0.0
0.0
0.0
0.0
0.0
0.0
0.0
0.0
0.0
0.0
0.0
0.0
0.112065
1.198712
0.022796
0.037055
0.621224
0.016716
0.71797
0.724661
0.46607
0.0
0.0
0.0
0.0
0.0
0.0
0.0
0.0
0.0
0.0
0.0
0.0
0.0
0.0
0.0
0.002523
1.249814
1.886205
2.3163449999999997
2.5388919999999997
2.514019
1.062214
1.2183199999999998
0.7442380000000001
0.0077339999999999996
0.0
0.0
0.0
0.0
0.0
0.0
0.0
0.0
0.0
0.0
0.0
0.0
0.0
0.0
0.010945
0.0058460000000000005
0.75802
1.278022
1.6370850000000001
2.5237
2.323616
1.910013
0.589075
0.519004
0.0
0.0
0.0
0.0
0.0
0.0
0.0
0.0
0.0
0.0
0.0
0.0
0.0
0.0
0.016585000000000003
0.0
0.13789099999999999
0.8837569999999999
0.551268
0.266424
0.413429
0.097933
0.0
0.0
0.0
0.0
0.0
0.0
0.0
0.0
0.0
0.0
0.0
0.0
0.0
0.0
0.0
0.0
0.0
0.003206
0.12967099999999998
0.113515
0.21187
0.106911
0.20298
0.059051
0.208125
0.0
0.0
0.0
0.0
0.0
0.0
0.0
0.0
0.0
0.0
0.0
0.0
0.0
0.0
0.0
0.0
0.044267
0.7009099999999999
0.956742
0.8963369999999999
0.754294
0.453866
0.570318
0.30834500000000004
0.018569
0.0
0.0
0.0
0.0
0.0
0.0
0.0
0.0
0.0
0.0
0.0
0.0
0.0
0.0
0.0
0.0
0.011446
0.063955
0.233633
0.054682
0.093706
0.022838
0.011285
0.020537
0.0
0.0
0.0
0.0
0.0
0.0
0.0
0.0
0.0
0.0
0.0
0.0
0.0
0.0
0.359847
1.124609
0.46737900000000004
1.085288
0.923096
0.767816
1.0040850000000001
0.328969
0.196864
0.0067480000000000005
0.0
0.0
0.0
0.0
0.0
0.0
0.0
0.0
0.0
0.0
0.0
0.0
0.0
0.0
0.004768
0.052052
0.223918
0.651635
1.484882
0.720589
0.402992
0.5334249999999999
0.363185
0.030239000000000002
0.0
0.0
0.0
0.0
0.0
0.0
0.0
0.0
0.0
0.0
0.0
0.0
0.0
0.0
0.0
0.0
0.028354
0.300005
0.289506
1.479813
1.1320080000000001
0.955934
0.254801
0.008506
0.0
0.0
0.0
0.0
0.0
0.0
0.0
0.0
0.0
0.0
0.0
0.0
0.0
0.0
0.0
0.20488599999999998
0.886992
2.144611
2.369952
2.346617
2.139449
1.729689
0.45561399999999996
0.333455
0.0
0.0
0.0
0.0
0.0
0.0
0.0
0.0
0.0
0.0
0.0
0.0
0.0
0.0
0.026438
0.043537
0.521154
1.2976210000000001
0.385253
0.7564270000000001
0.219859
0.09136799999999999
0.103124
0.014579
0.0
0.0
0.0
0.0
0.0
0.0
0.0
0.0
0.0
0.0
0.0
0.0
0.0
0.0
0.026401
0.250704
0.9614510000000001
1.308116
1.14273
1.465948
0.327305
1.1160750000000002
0.386944
0.164578
0.0
0.0
0.0
0.0
0.0
0.0
0.0
0.0
0.0
0.0
0.0
0.0
0.0
0.0
0.064869
0.000249
0.358659
0.44950599999999996
1.169521
1.016644
0.240563
0.13763399999999998
0.037375
0.008654
0.0
0.0
0.0
0.0
0.0
0.0
0.0
0.0
0.0
0.0
0.0
0.0
0.0
0.0
0.035948
7.5e-05
0.073485
0.28348399999999996
0.157771
0.169877
2.0072039999999998
0.494952
0.07843800000000001
0.0
0.0
0.0
0.0
0.0
0.0
0.0
0.0
0.0
0.0
0.0
0.0
0.0
0.0
0.0
0.006097
0.0
0.079138
0.040140999999999996
0.223999
0.40919900000000003
0.748892
0.327653
0.172289
0.002476
0.0
0.0
0.0
0.0
0.0
0.0
0.0
0.0
0.0
0.0
0.0
0.0
0.0
0.0
0.021272
0.0
0.418116
0.302319
0.516383
0.7534339999999999
1.212273
0.906867
0.090894
0.002621
0.0
0.0
0.0
0.0
0.0
0.0
0.0
0.0
0.0
0.0
0.0
0.0
0.0
0.0
0.017506
0.0
0.088908
0.8845069999999999
0.9527129999999999
0.365911
1.047957
0.122375
0.100927
0.0
0.0
0.0
0.0
0.0
0.0
0.0
0.0
0.0
0.0
0.0
0.0
0.0
0.0
0.0
0.101497
0.815821
1.472081
1.903885
2.1183989999999997
2.105154
1.8858869999999999
1.463898
0.825844
0.116225
0.0
0.0
0.0
0.0
0.0
0.0
0.0
0.0
0.0
0.0
0.0
0.0
0.0
0.0
0.099691
0.858823
1.5229949999999999
1.952847
2.147987
2.089264
1.835222
0.493834
0.744407
0.09185
0.0
0.0
0.0
0.0
0.0
0.0
0.0
0.0
0.0
0.0
0.0
0.0
0.0
0.0
0.0
0.0
0.008561
0.019915
0.066656
0.025525
0.111788
0.16719399999999998
0.016516
0.0
0.0
0.0
0.0
0.0
0.0
0.0
0.0
0.0
0.0
0.0
0.0
0.0
0.0
0.0
0.0
0.00824
1.3630820000000001
1.7741040000000001
0.087472
1.8796199999999998
1.710834
1.333209
0.080319
0.012051000000000001
0.0
0.0
0.0
0.0
0.0
0.0
0.0
0.0
0.0
0.0
0.0
0.0
0.0
0.0
0.0
0.019574
0.6162859999999999
1.2379939999999998
1.1659849999999998
1.1601400000000002
1.051555
0.795394
0.121825
0.004712
0.0
0.0
0.0
0.0
0.0
0.0
0.0
0.0
0.0
0.0
0.0
0.0
0.0
0.0
0.0
0.061558999999999996
1.4969970000000001
1.943028
2.168098
1.139758
0.184735
0.014693
0.028513999999999998
0.0
0.0
0.0
0.0
0.0
0.0
0.0
0.0
0.0
0.0
0.0
0.0
0.0
0.0
0.0
0.0
0.017488
1.5393130000000002
1.21609
2.179392
1.595095
1.305192
0.746696
0.12246599999999999
0.0
0.0
0.0
0.0
0.0
0.0
0.0
0.0
0.0
0.0
0.0
0.0
0.0
0.0
0.0
0.0
0.836503
1.538838
0.819108
2.202346
1.030524
0.36965499999999996
0.071968
0.031529
0.0
0.0
0.0
0.0
0.0
0.0
0.0
0.0
0.0
0.0
0.0
0.0
0.0
0.0
0.0
0.0
0.006082
0.5059239999999999
1.039742
2.227498
2.20389
1.97109
0.726817
0.07884999999999999
0.080131
0.0
0.0
0.0
0.0
0.0
0.0
0.0
0.0
0.0
0.0
0.0
0.0
0.0
0.0
0.0
0.006033
0.49327699999999997
1.918546
0.7234980000000001
0.744325
0.575991
0.20044
0.031119
0.0
0.0
0.0
0.0
0.0
0.0
0.0
0.0
0.0
0.0
0.0
0.0
0.0
0.0
0.0
0.0
0.0
0.044266
0.389322
0.44553899999999996
0.27328399999999997
0.800076
0.249582
0.005278
0.0
0.0
0.0
0.0
0.0
0.0
0.0
0.0
0.0
0.0
0.0
0.0
0.0
0.0
0.0
0.0
0.028736
0.254541
1.016627
1.266574
1.251737
1.185381
0.521026
0.13019
0.003397
0.0
0.0
0.0
0.0
0.0
0.0
0.0
0.0
0.0
0.0
0.0
0.0
0.0
0.0
0.0
0.0
0.093144
0.044359
0.047142
0.244345
0.11689400000000001
0.034941
0.013433
0.0
0.0
0.0
0.0
0.0
0.0
0.0
0.0
0.0
0.0
0.0
0.0
0.0
0.0
0.0
0.0
0.7087960000000001
1.399735
0.39544999999999997
0.310139
0.25771
0.16909800000000003
1.3898949999999999
0.033057
0.046105
0.0
0.0
0.0
0.0
0.0
0.0
0.0
0.0
0.0
0.0
0.0
0.0
0.0
0.0
0.0
0.008198
0.035005
0.014536
0.6429640000000001
0.5308379999999999
0.254214
0.14103100000000002
0.01877
0.0
0.0
0.0
0.0
0.0
0.0
0.0
0.0
0.0
0.0
0.0
0.0
0.0
0.0
0.0
0.0
0.0
0.003033
0.03793
0.017329999999999998
0.046754
0.076882
0.527442
0.021533999999999998
0.0
0.0
0.0
0.0
0.0
0.0
0.0
0.0
0.0
0.0
0.0
0.0
0.0
0.0
0.0
0.0
0.0
0.005787
0.612293
0.68541
0.16883199999999998
0.085964
0.42010899999999995
0.0
0.0
0.0
0.0
0.0
0.0
0.0
0.0
0.0
0.0
0.0
0.0
0.0
0.0
0.0
0.0
0.0
0.002563
0.003099
0.047113999999999996
0.655811
0.08004
0.12590600000000002
0.04955
0.0351
0.0
0.0
0.0
0.0
0.0
0.0
0.0
0.0
0.0
0.0
0.0
0.0
0.0
0.0
0.0
0.0
0.011054999999999999
0.003233
0.084047
0.189275
0.198772
0.138899
0.073807
0.007383
0.0
0.0
0.0
0.0
0.0
0.0
0.0
0.0
0.0
0.0
0.0
0.0
0.0
0.0
0.0
0.0
0.0
0.114064
0.557731
0.874752
0.821485
0.772203
0.348906
0.121828
0.0
0.0
0.0
0.0
0.0
0.0
0.0
0.0
0.0
0.0
0.0
0.0
0.0
0.0
0.0
0.0
0.0
0.000306
0.008934
0.11411
0.092568
0.197601
0.120972
0.0
0.0
0.0
0.0
0.0
0.0
0.0
0.0
0.0
0.0
0.0
0.0
0.0
0.0
0.0
0.0
0.0
0.019213
0.13159
0.516385
0.777989
0.804334
0.57197
0.22750700000000001
0.012356
0.0
0.0
0.0
0.0
0.0
0.0
0.0
0.0
0.0
0.0
0.0
0.0
0.0
0.0
0.0
0.0
0.0
0.005934
0.273092
0.24774100000000002
0.19562100000000002
0.056033
0.028829999999999998
0.017206
0.0
0.0
0.0
0.0
0.0
0.0
0.0
0.0
0.0
0.0
0.0
0.0
0.0
0.0
0.0
0.0
0.0021709999999999998
0.014497999999999999
0.401959
0.49889100000000003
0.175536
0.095288
0.002926
0.01686
0.0
0.0
0.0
0.0
0.0
0.0
0.0
0.0
0.0
0.0
0.0
0.0
0.0
0.0
0.0
0.0
0.038238999999999995
0.044156999999999995
0.026591
1.811987
0.077749
1.633412
1.1937449999999998
0.006301
0.0
0.0
0.0
0.0
0.0
0.0
0.0
0.0
0.0
0.0
0.0
0.0
0.0
0.0
0.0
0.0
0.423194
1.221193
0.5755750000000001
0.868502
0.82247
0.7678010000000001
0.205602
0.161998
0.0
0.0
0.0
0.0
0.0
0.0
0.0
0.0
0.0
0.0
0.0
0.0
0.0
0.0
0.0
0.0
0.38498000000000004
0.214565
0.551097
0.840331
0.842354
1.739798
0.364779
0.052367
0.0
0.0
0.0
0.0
0.0
0.0
0.0
0.0
0.0
0.0
0.0
0.0
0.0
0.0
0.0
0.0
0.015716
0.171239
0.415777
0.403466
0.530512
0.332923
0.356106
0.038501
0.0
0.0
0.0
0.0
0.0
0.0
0.0
0.0
0.0
0.0
0.0
0.0
0.0
0.0
0.0
0.0
0.023445
0.0
0.006449
0.01231
0.015233
0.009304999999999999
0.003263
0.00751
0.0
0.0
0.0
0.0
0.0
0.0
0.0
0.0
0.0
0.0
0.0
0.0
0.0
0.0
0.0
0.0
0.039508
0.165025
1.695385
1.951653
0.901306
0.761345
0.40303100000000003
0.007059
0.0
0.0
0.0
0.0
0.0
0.0
0.0
0.0
0.0
0.0
0.0
0.0
0.0
0.0
0.0
0.0
0.003665
0.0
0.044836
0.159599
0.844113
0.327458
0.259624
0.015709
0.0
0.0
0.0
0.0
0.0
0.0
0.0
0.0
0.0
0.0
0.0
0.0
0.0
0.0
0.0
0.0
0.0
0.0
0.201809
0.648988
0.709483
0.63302
0.081951
0.041075
0.0
0.0
0.0
0.0
0.0
0.0
0.0
0.0
0.0
0.0
0.0
0.0
0.0
0.0
0.0
0.0
0.0
0.12789
0.227624
0.745891
1.88728
1.648934
0.087712
0.003018
0.0
0.0
0.0
0.0
0.0
0.0
0.0
0.0
0.0
0.0
0.0
0.0
0.0
0.0
0.0
0.0
0.012501
0.0
0.402235
0.49317
0.544145
0.217668
0.101277
0.00439
0.0
0.0
0.0
0.0
0.0
0.0
0.0
0.0
0.0
0.0
0.0
0.0
0.0
0.0
0.0
0.0
0.0013360000000000002
0.026029
0.053422
0.242406
0.008962999999999999
0.006033999999999999
0.079425
0.0011719999999999999
0.0
0.0
0.0
0.0
0.0
0.0
0.0
0.0
0.0
0.0
0.0
0.0
0.0
0.0
0.0
0.0
0.0
0.0
0.0035059999999999996
0.009396000000000002
0.009394999999999999
0.0064269999999999996
0.011878
0.000748
0.0
0.0
0.0
0.0
0.0
0.0
0.0
0.0
0.0
0.0
0.0
0.0
0.0
0.0
0.0
0.0
0.0
0.008949
0.04211
0.063586
0.063621
0.048203
0.01767
0.0
0.0
0.0
0.0
0.0
0.0
0.0
0.0
0.0
0.0
0.0
0.0
0.0
0.0
0.0
0.0
0.0
0.0
0.063571
0.067584
0.07365300000000001
0.070279
0.054555
0.026578
0.0
0.0
0.0
0.0
0.0
0.0
0.0
0.0
0.0
0.0
0.0
0.0
0.0
0.0
0.0
0.0
0.0
0.0
0.053981
0.114325
0.13988599999999998
0.139867
0.111078
0.06309300000000001
0.0033740000000000003
0.0
0.0
0.0
0.0
0.0
0.0
0.0
0.0
0.0
0.0
0.0
0.0
0.0
0.0
0.0
0.0
0.0
0.0091
0.024283000000000002
0.027285
0.021206
0.021075
0.017582999999999998
0.0
0.0
0.0
0.0
0.0
0.0
0.0
0.0
0.0
0.0
0.0
0.0
0.0
0.0
0.0
0.0
0.0
0.0
0.009087
0.033357
0.048672
0.054702
0.030181999999999997
0.011851
0.0
0.0
0.0
0.0
0.0
0.0
0.0
0.0
0.0
0.0
0.0
0.0
0.0
0.0
0.0
0.0
0.0
0.0
0.0
0.0
0.0
0.009244
0.012146
0.005985000000000001
0.0
0.0
0.0
0.0
0.0
0.0
0.0
0.0
0.0
0.0
0.0
0.0
0.0
0.0
0.0
0.0
0.0
0.001485
0.152522
1.4123910000000002
1.71977
1.74576
1.5217019999999999
1.042431
0.023521999999999998
0.0
0.0
0.0
0.0
0.0
0.0
0.0
0.0
0.0
0.0
0.0
0.0
0.0
0.0
0.0
0.0
0.0
0.0
0.0
0.0
0.023978000000000003
0.05989
0.0
0.0
0.0
0.0
0.0
0.0
0.0
0.0
0.0
0.0
0.0
0.0
0.0
0.0
0.0
0.0
0.0
0.0
0.0
0.034978
0.241052
0.267245
0.31238499999999997
0.38328300000000004
0.008781
0.033942
0.0
0.0
0.0
0.0
0.0
0.0
0.0
0.0
0.0
0.0
0.0
0.0
0.0
0.0
0.0
0.0
0.0
0.026019999999999998
0.229146
0.504943
0.6403690000000001
0.090735
0.114376
0.013974
0.0
0.0
0.0
0.0
0.0
0.0
0.0
0.0
0.0
0.0
0.0
0.0
0.0
0.0
0.0
0.0
0.0
0.00020999999999999998
0.009242
0.030144999999999998
0.012296
0.19095099999999998
0.020555
0.006898
0.0
0.0
0.0
0.0
0.0
0.0
0.0
0.0
0.0
0.0
0.0
0.0
0.0
0.0
0.0
0.0
0.0
0.093818
0.344426
0.6021660000000001
0.711356
0.567994
1.106924
0.031792
0.0
0.0
0.0
0.0
0.0
0.0
0.0
0.0
0.0
0.0
0.0
0.0
0.0
0.0
0.0
0.0
0.0
0.005763
0.0
0.164193
0.08168500000000001
0.12171299999999999
0.0
0.0
0.0
0.0
0.0
0.0
0.0
0.0
0.0
0.0
0.0
0.0
0.0
0.0
0.0
0.0
0.0
0.0
0.0
0.00015099999999999998
0.000495
0.09417199999999999
0.14732
0.19010300000000002
0.070935
0.0
0.0
0.0
0.0
0.0
0.0
0.0
0.0
0.0
0.0
0.0
0.0
0.0
0.0
0.0
0.0
0.0
0.0
0.07070699999999999
0.31431200000000004
0.627484
0.5640539999999999
0.312905
0.107541
0.0
0.0
0.0
0.0
0.0
0.0
0.0
0.0
0.0
0.0
0.0
0.0
0.0
0.0
0.0
0.0
0.0
0.0
0.002691
0.136606
0.116638
0.517401
0.038198
0.0
0.0
0.0
0.0
0.0
0.0
0.0
0.0
0.0
0.0
0.0
0.0
0.0
0.0
0.0
0.0
0.0
0.0
0.0
0.051448
0.020416
0.20178200000000002
0.114628
0.003134
0.014137
0.0
0.0
0.0
0.0
0.0
0.0
0.0
0.0
0.0
0.0
0.0
0.0
0.0
0.0
0.0
0.0
0.0
0.0
0.655376
0.00045400000000000003
0.207491
0.368031
0.510012
0.023166
0.082828
0.0
0.0
0.0
0.0
0.0
0.0
0.0
0.0
0.0
0.0
0.0
0.0
0.0
0.0
0.0
0.0
0.0
0.014222
0.295748
0.583971
0.685355
0.464706
0.008738
0.001276
0.0
0.0
0.0
0.0
0.0
0.0
0.0
0.0
0.0
0.0
0.0
0.0
0.0
0.0
0.0
0.0
0.0
0.011246
0.0
0.020893000000000002
0.017902
0.00613
0.020082999999999997
0.0
0.0
0.0
0.0
0.0
0.0
0.0
0.0
0.0
0.0
0.0
0.0
0.0
0.0
0.0
0.0
0.0
0.0
0.0
0.014622
0.116718
0.176811
0.24579499999999999
0.13726
0.0
0.0
0.0
0.0
0.0
0.0
0.0
0.0
0.0
0.0
0.0
0.0
0.0
0.0
0.0
0.0
0.0
0.0
0.002626
0.16591499999999998
0.180397
0.365619
0.14322
0.017166
0.0
0.0
0.0
0.0
0.0
0.0
0.0
0.0
0.0
0.0
0.0
0.0
0.0
0.0
0.0
0.0
0.0
0.0
0.7058049999999999
1.385304
0.138146
0.347567
0.006295
0.00027600000000000004
0.06335
0.0
0.0
0.0
0.0
0.0
0.0
0.0
0.0
0.0
0.0
0.0
0.0
0.0
0.0
0.0
0.0
0.0
0.138357
0.396055
0.616187
0.726121
1.588192
1.1512660000000001
0.032343000000000004
0.0
0.0
0.0
0.0
0.0
0.0
0.0
0.0
0.0
0.0
0.0
0.0
0.0
0.0
0.0
0.0
0.0
0.005844
0.0
0.006589
0.000753
0.0
0.0
0.0
0.0
0.0
0.0
0.0
0.0
0.0
0.0
0.0
0.0
0.0
0.0
0.0
0.0
0.0
0.0
0.0
0.0
0.058838999999999995
0.288529
0.47918099999999997
0.322988
0.488387
0.225493
0.012308999999999999
0.0
0.0
0.0
0.0
0.0
0.0
0.0
0.0
0.0
0.0
0.0
0.0
0.0
0.0
0.0
0.0
0.0
0.11100700000000001
0.33661
0.651266
0.7506240000000001
0.598891
0.352041
0.06968099999999999
0.0
0.0
0.0
0.0
0.0
0.0
0.0
0.0
0.0
0.0
0.0
0.0
0.0
0.0
0.0
0.0
0.0
0.136186
0.347591
0.572125
0.761073
0.586935
0.35639299999999996
0.060746
0.0
0.0
0.0
0.0
0.0
0.0
0.0
0.0
0.0
0.0
0.0
0.0
0.0
0.0
0.0
0.0
0.0
0.147309
0.365602
0.5886399999999999
0.775875
0.503324
0.180398
0.098469
0.0
0.0
0.0
0.0
0.0
0.0
0.0
0.0
0.0
0.0
0.0
0.0
0.0
0.0
0.0
0.0
0.0
0.13419499999999998
0.275158
0.275001
0.323384
0.063354
0.000342
0.067079
0.0
0.0
0.0
0.0
0.0
0.0
0.0
0.0
