0
0
0
0
0
0
0
0
0
0.00095025
0.0151715
0.0251855
0.0276815
0.0234737
0.0118413
0
0
0
0
0
0
0
0
0
0
0
0
0
0
0
0
0
0
0.0239073
0.0819095
0.118846
0.0958245
0.0790092
0.0405225
0.00116575
0
0
0
0
0
0
0
0
0
0
0
0
0
0
0
0
0
0.0064095
0.0828165
0.180117
0.190659
0.161535
0.0743725
0.00919075
0
0
0
0
0
0
0
0
0
0
0
0
0
0
0
0
0
0.0213032
0.0908307
0.183705
0.192283
0.11175
0.044011
0.007485
0
0
0
0
0
0
0
0
0
0
0
0
0
0
0
0
0
0.0109723
0.0355953
0.0898407
0.101691
0.053897
0.029949
0.002749
0
0
0
0
0
0
0
0
0
0
0
0
0
0
0
0
0
0.0066945
0.035081
0.056007
0.0633403
0.0531205
0.0136875
0
0
0
0
0
0
0
0
0
0
0
0
0
0
0
0
0
0
0.00192825
0.0163663
0.027484
0.0317533
0.0266375
0.014665
0
0
0
0
0
0
0
0
0
0
0
0
0
0
0
0
0
0
0.00202725
0.0173175
0.028459
0.0658497
0.0275708
0.0155862
0.00449675
0
0
0
0
0
0
0
0
0
0
0
0
0
0
0
0
0
0.002109
0.0174402
0.029454
0.0329298
0.0278333
0.0338503
0.001013
0
0
0
0
0
0
0
0
0
0
0
0
0
0
0
0
0
0.008772
0.058202
0.202762
0.218698
0.155757
0.115259
0.0162755
0
0
0
0
0
0
0
0
0
0
0
0
0
0
0
0
0
0.00282075
0.0179358
0.0289375
0.0331473
0.0280123
0.0161885
0.00115325
0
0
0
0
0
0
0
0
0
0
0
0
0
0
0
0
0
0.009304
0.0383685
0.0972062
0.0693408
0.0602367
0.0171923
0.00692675
0
0
0
0
0
0
0
0
0
0
0
0
0
0
0
0
0
0.0037105
0.0189262
0.0308645
0.0339385
0.0297413
0.017768
0.00769
0
0
0
0
0
0
0
0
0
0
0
0
0
0
0
0
0
0.0373177
0.0659192
0.0647512
0.0351853
0.0311642
0.019041
0.0138292
0
0
0
0
0
0
0
0
0
0
0
0
0
0
0
0
0
0.0238395
0.140606
0.21737
0.158375
0.0659262
0.040876
0.00679075
0
0
0
0
0
0
0
0
0
0
0
0
0
0
0
0
0
0.0321698
0.0436508
0.0677417
0.168091
0.105348
0.0425072
0.0038415
0
0
0
0
0
0
0
0
0
0
0
0
0
0
0
0
0
0.0194097
0.0700487
0.144491
0.12146
0.1427
0.0434855
0.0122575
0
0
0
0
0
0
0
0
0
0
0
0
0
0
0
0
0
0.0446833
0.150344
0.231472
0.249396
0.182423
0.132993
0.0130753
0
0
0
0
0
0
0
0
0
0
0
0
0
0
0
0
0
0.0141275
0.0475292
0.0715227
0.0806333
0.150982
0.0728295
0.0216335
0
0
0
0
0
0
0
0
0
0
0
0
0
0
0
0
0
0.00637575
0.023377
0.0541045
0.0809735
0.0727802
0.0479877
0.0150235
0
0
0
0
0
0
0
0
0
0
0
0
0
0
0
0
0
0.0702163
0.160244
0.207507
0.17293
0.0755062
0.0504288
0.0168248
0
0
0
0
0
0
0
0
0
0
0
0
0
0
0
0
0
0.0169847
0.0519233
0.16328
0.0873752
0.226645
0.0838125
0.02781
0
0
0
0
0
0
0
0
0
0
0
0
0
0
0
0
0
0.007551
0.0257997
0.039007
0.0442685
0.0398947
0.026688
0.00844475
0
0
0
0
0
0
0
0
0
0
0
0
0
0
0
0
0
0.0081335
0.0529285
0.078685
0.0885255
0.196597
0.0863345
0.0201612
0
0
0
0
0
0
0
0
0
0
0
0
0
0
0
0
0
0.00815975
0.0260662
0.0398655
0.216177
0.0816355
0.088169
0.0560338
0.000866
0
0
0
0
0
0
0
0
0
0
0
0
0
0
0
0.00043725
0.031733
0.0574955
0.0836455
0.144991
0.173113
0.152249
0.0570855
0.000327
0
0
0
0
0
0
0
0
0
0
0
0
0
0
0
0
0.0220573
0.0579405
0.085145
0.0946987
0.042541
0.0295385
0.0107272
0
0
0
0
0
0
0
0
0
0
0
0
0
0
0
0
0.0003975
0.0229752
0.0594345
0.214405
0.267303
0.235243
0.179693
0.0731845
0.0027395
0
0
0
0
0
0
0
0
0
0
0
0
0
0
0
0
0.0354177
0.0596558
0.0865145
0.096783
0.137081
0.160916
0.0405932
0
0
0
0
0
0
0
0
0
0
0
0
0
0
0
0
0
0.0113157
0.0611758
0.0872865
0.0981682
0.0442235
0.0315117
0.0128898
0
0
0
0
0
0
0
0
0
0
0
0
0
0
0
0
0
0.0122453
0.0309385
0.0446497
0.0497537
0.045438
0.0326985
0.0297987
0
0
0
0
0
0
0
0
0
0
0
0
0
0
0
0
0.00581525
0.0955135
0.238143
0.322846
0.361794
0.321891
0.197572
0.10996
0.00787775
0
0
0
0
0
0
0
0
0
0
0
0
0
0
0
0.00577875
0.0994998
0.24255
0.335666
0.370243
0.339652
0.26045
0.134599
0.0101255
0
0
0
0
0
0
0
0
0
0
0
0
0
0
0
0.00759875
0.106388
0.259233
0.347277
0.37492
0.344722
0.266756
0.136914
0.006602
0
0
0
0
0
0
0
0
0
0
0
0
0
0
0
0
0.0173508
0.0379592
0.0526073
0.0577385
0.053389
0.0405105
0.0198972
0
0
0
0
0
0
0
0
0
0
0
0
0
0
0
0
0.0012335
0.0180672
0.0385773
0.0532227
0.0583837
0.0539278
0.0410127
0.0205402
0.0004315
0
0
0
0
0
0
0
0
0
0
0
0
0
0
0
0
0.0187042
0.039062
0.0536317
0.0587548
0.0552443
0.0414528
0.0210907
0.0007105
0
0
0
0
0
0
0
0
0
0
0
0
0
0
0
0.0022215
0.125012
0.266996
0.123983
0.125273
0.179416
0.256111
0.159532
0.0282587
0
0
0
0
0
0
0
0
0
0
0
0
0
0
0
0
0.0447493
0.0425025
0.0571975
0.0632775
0.0587478
0.0448103
0.0241215
0.001976
0
0
0
0
0
0
0
0
0
0
0
0
0
0
0
0.00036125
0.021381
0.042644
0.0572715
0.0633182
0.0588655
0.0450385
0.0246442
0.0027835
0
0
0
0
0
0
0
0
0
0
0
0
0
0
0
0.00069075
0.0220705
0.0430992
0.057488
0.063559
0.125948
0.0933505
0.0525132
0.0101535
0
0
0
0
0
0
0
0
0
0
0
0
0
0
0
0.006358
0.0495123
0.09187
0.1219
0.207589
0.186525
0.147008
0.085425
0.0247275
0
0
0
0
0
0
0
0
0
0
0
0
0
0
0
0.0040045
0.0249235
0.04635
0.0618028
0.0668172
0.0942775
0.0991625
0.0576173
0.0130158
0
0
0
0
0
0
0
0
0
0
0
0
0
0
0
0.008571
0.053201
0.096466
0.126907
0.138599
0.130371
0.102103
0.059354
0.014687
0
0
0
0
0
0
0
0
0
0
0
0
0
0
0
0.0104262
0.0561097
0.097908
0.127163
0.139437
0.130901
0.103766
0.0619787
0.0164605
0
0
0
0
0
0
0
0
0
0
0
0
0
0
0
0.012244
0.0582227
0.102441
0.132306
0.143641
0.134581
0.108182
0.0644377
0.0175562
0
0
0
0
0
0
0
0
0
0
0
0
0
0
0
0.00557025
0.0296225
0.052157
0.0678552
0.074021
0.0696765
0.0547632
0.033021
0.0081905
0
0
0
0
0
0
0
0
0
0
0
0
0
0
0
0.0237888
0.0633807
0.164719
0.139769
0.15008
0.14156
0.113868
0.069325
0.0211457
0
0
0
0
0
0
0
0
0
0
0
0
0
0
0
0.0168305
0.0650785
0.110707
0.140613
0.152379
0.14334
0.115822
0.072316
0.0229907
0
0
0
0
0
0
0
0
0
0
0
0
0
0
0
0.0376755
0.10329
0.172158
0.224231
0.24196
0.295355
0.340417
0.22753
0.0762985
0
0
0
0
0
0
0
0
0
0
0
0
0
0
0
0.0205555
0.0712872
0.23347
0.418043
0.468689
0.444175
0.353394
0.226344
0.0779493
0
0
0
0
0
0
0
0
0
0
0
0
0
0
0
0.04406
0.0727915
0.120169
0.14899
0.242551
0.389146
0.287231
0.119522
0.0279003
0
0
0
0
0
0
0
0
0
0
0
0
0
0
0
0.0105365
0.0360222
0.0591923
0.147786
0.159669
0.230221
0.290075
0.226107
0.0601285
0
0
0
0
0
0
0
0
0
0
0
0
0
0
0
0.0695715
0.221037
0.358008
0.447227
0.475909
0.449928
0.374296
0.246211
0.0942498
0.00178075
0
0
0
0
0
0
0
0
0
0
0
0
0
0
0.044652
0.119615
0.337612
0.431521
0.434293
0.308562
0.252464
0.198573
0.0761768
0.00229675
0
0
0
0
0
0
0
0
0
0
0
0
0
0
0.0478188
0.15635
0.249787
0.306372
0.433447
0.24698
0.132375
0.172259
0.0675728
0.002773
0
0
0
0
0
0
0
0
0
0
0
0
0
0.00188225
0.0769617
0.205648
0.258852
0.313905
0.259918
0.250896
0.136283
0.0895645
0.056013
0.00279025
0
0
0
0
0
0
0
0
0
0
0
0
0
0
0.0158478
0.0425582
0.06677
0.082132
0.08803
0.0827168
0.0679095
0.0446052
0.0181083
0
0
0
0
0
0
0
0
0
0
0
0
0
0
0
0.0163912
0.0428965
0.0670925
0.0825643
0.0888067
0.0846058
0.0691405
0.0467152
0.0192
0
0
0
0
0
0
0
0
0
0
0
0
0
0
0
0.0167767
0.0426983
0.0662825
0.0812703
0.0869567
0.0819013
0.207825
0.213923
0.108608
0.00503175
0
0
0
0
0
0
0
0
0
0
0
0
0
0
0.0382308
0.0911963
0.104068
0.0843065
0.0900938
0.0848547
0.216085
0.148475
0.0423608
0.00066725
0
0
0
0
0
0
0
0
0
0
0
0
0
0
0.0195712
0.0466102
0.069409
0.0851328
0.0902572
0.085812
0.0716012
0.048771
0.0210527
0
0
0
0
0
0
0
0
0
0
0
0
0
0
0.0006705
0.04239
0.048249
0.0712965
0.087543
0.0926867
0.0875058
0.0728868
0.0499978
0.117861
0.0055415
0
0
0
0
0
0
0
0
0
0
0
0
0
0
0.04572
0.0998347
0.219398
0.338252
0.355441
0.339753
0.337219
0.270255
0.12382
0.009352
0
0
0
0
0
0
0
0
0
0
0
0
0
0
0.0236635
0.103975
0.150223
0.267614
0.46464
0.489598
0.428814
0.300631
0.140901
0.0146115
0
0
0
0
0
0
0
0
0
0
0
0
0
0.0135178
0.136392
0.303529
0.438797
0.516505
0.540466
0.515259
0.439209
0.310203
0.146578
0.017653
0
0
0
0
0
0
0
0
0
0
0
0
0
0.0164993
0.1414
0.304024
0.438499
0.51575
0.536784
0.510567
0.433951
0.305233
0.147943
0.0188822
0
0
0
0
0
0
0
0
0
0
0
0
0
0.0151097
0.0547788
0.109062
0.347963
0.485379
0.201726
0.18419
0.155908
0.109874
0.0547075
0.00689875
0
0
0
0
0
0
0
0
0
0
0
0
0
0.019919
0.0570685
0.113465
0.158724
0.18923
0.198922
0.0957952
0.0805587
0.0567698
0.0280863
0.0021965
0
0
0
0
0
0
0
0
0
0
0
0
0
0.008187
0.0290553
0.0579805
0.0821575
0.0988948
0.211708
0.285014
0.243376
0.221669
0.113435
0.0220682
0
0
0
0
0
0
0
0
0
0
0
0
0
0.016141
0.0913112
0.0599703
0.083622
0.0983187
0.103161
0.0983145
0.0831402
0.0595112
0.0307635
0.0038855
0
0
0
0
0
0
0
0
0
0
0
0
0
0.0229402
0.15703
0.124447
0.167313
0.291273
0.306339
0.294126
0.168292
0.1797
0.0636852
0.0122772
0
0
0
0
0
0
0
0
0
0
0
0
0
0.0266915
0.0660638
0.123046
0.169391
0.296704
0.303281
0.197992
0.0847135
0.0613068
0.0319865
0.005442
0
0
0
0
0
0
0
0
0
0
0
0
0
0.00623775
0.033636
0.0620975
0.175848
0.297549
0.303989
0.289216
0.249827
0.18006
0.097442
0.0214975
0
0
0
0
0
0
0
0
0
0
0
0
0
0.007102
0.0345528
0.0642105
0.088354
0.211219
0.317718
0.386065
0.386074
0.187583
0.128923
0.0419368
0
0
0
0
0
0
0
0
0
0
0
0
0
0.0274927
0.073522
0.270823
0.336201
0.305586
0.403371
0.383737
0.179693
0.127155
0.071319
0.017344
0
0
0
0
0
0
0
0
0
0
0
0
0
0.0209528
0.0754068
0.196493
0.261223
0.391765
0.413037
0.38758
0.333276
0.23783
0.133444
0.0430408
0
0
0
0
0
0
0
0
0
0
0
0
0
0.057948
0.201604
0.347701
0.464248
0.449081
0.407923
0.307082
0.257213
0.130979
0.074561
0.028916
0
0
0
0
0
0
0
0
0
0
0
0
0
0.024485
0.081868
0.13993
0.0951208
0.109247
0.113937
0.108814
0.0928335
0.068469
0.0389393
0.021622
0
0
0
0
0
0
0
0
0
0
0
0
0
0.0576282
0.154335
0.145776
0.374463
0.536718
0.480093
0.508008
0.435117
0.332795
0.1879
0.0546375
0
0
0
0
0
0
0
0
0
0
0
0
0
0.0129965
0.043355
0.0725403
0.0956912
0.110327
0.11523
0.216847
0.182281
0.135133
0.0796318
0.0238942
0
0
0
0
0
0
0
0
0
0
0
0
0.00078325
0.074923
0.230141
0.387058
0.502298
0.570212
0.338293
0.471373
0.451872
0.37436
0.211503
0.0631717
0
0
0
0
0
0
0
0
0
0
0
0
0
0.0478235
0.21567
0.278426
0.451777
0.55371
0.577206
0.519646
0.280033
0.206174
0.121334
0.055969
0
0
0
0
0
0
0
0
0
0
0
0
0
0.0510455
0.17374
0.286572
0.291262
0.22147
0.232298
0.226762
0.188603
0.141863
0.156341
0.0401577
0
0
0
0
0
0
0
0
0
0
0
0
0
0.0174005
0.0488263
0.15891
0.43725
0.48448
0.546879
0.568326
0.482872
0.212955
0.12501
0.0292347
0
0
0
0
0
0
0
0
0
0
0
0
0
0.0817198
0.236608
0.390529
0.482639
0.511744
0.538572
0.503582
0.346305
0.2069
0.125263
0.042817
0
0
0
0
0
0
0
0
0
0
0
0
0.00117475
0.0589143
0.144779
0.224595
0.367057
0.417668
0.237696
0.227101
0.191879
0.145553
0.0884625
0.0316068
0
0
0
0
0
0
0
0
0
0
0
0
0.000251
0.0433525
0.103594
0.160686
0.304726
0.346976
0.23953
0.235028
0.198152
0.151666
0.0920058
0.0160338
0
0
0
0
0
0
0
0
0
0
0
0
0
0.100472
0.05349
0.0839312
0.108164
0.243592
0.245835
0.241352
0.203793
0.155549
0.0966955
0.017251
0.0021945
0
0
0
0
0
0
0
0
0
0
0
0.009116
0.115509
0.275996
0.429144
0.533585
0.595804
0.617668
0.592251
0.520256
0.403158
0.242437
0.0874527
0.00306025
0
0
0
0
0
0
0
0
0
0
0
0.011873
0.119437
0.279393
0.433407
0.550007
0.61126
0.62695
0.596324
0.517929
0.403573
0.242166
0.0891543
0.0033825
0
0
0
0
0
0
0
0
0
0
0
0.014098
0.122873
0.284558
0.432664
0.52643
0.597361
0.614298
0.581508
0.504604
0.394054
0.241225
0.0896967
0.00372575
0
0
0
0
0
0
0
0
0
0
0
0.00057925
0.0262408
0.0580692
0.088243
0.221866
0.125729
0.257896
0.439642
0.386846
0.344394
0.253631
0.0962895
0.00451975
0
0
0
0
0
0
0
0
0
0
0
0.01912
0.134444
0.12043
0.348969
0.508692
0.549098
0.581423
0.554875
0.484422
0.406247
0.250564
0.092131
0.00530275
0
0
0
0
0
0
0
0
0
0
0
0.0205038
0.127225
0.290903
0.374412
0.465422
0.445058
0.460569
0.437982
0.300848
0.228208
0.184539
0.075507
0.0021325
0
0
0
0
0
0
0
0
0
0
0
0.0090435
0.0854968
0.218201
0.250142
0.313766
0.34574
0.443816
0.236762
0.206126
0.0804332
0.100655
0.042689
0.0011715
0
0
0
0
0
0
0
0
0
0
0
0.0105365
0.0610842
0.0623413
0.092003
0.114848
0.252662
0.130972
0.124616
0.108891
0.0840962
0.0536073
0.0223325
0
0
0
0
0
0
0
0
0
0
0
0
0.0046305
0.0320493
0.0653525
0.275508
0.230898
0.258545
0.266369
0.366048
0.321556
0.368743
0.257462
0.0869915
0.00838775
0
0
0
0
0
0
0
0
0
0
0
0.0333218
0.149153
0.189238
0.28005
0.233885
0.269142
0.389035
0.463373
0.410677
0.175843
0.20737
0.0902048
0.00959125
0
0
0
0
0
0
0
0
0
0
0
0.0233875
0.0708865
0.196331
0.276955
0.430922
0.48399
0.386618
0.553195
0.410735
0.377491
0.207917
0.0530702
0.00483775
0
0
0
0
0
0
0
0
0
0
0
0.0170493
0.0724117
0.136643
0.355172
0.243415
0.265625
0.397477
0.469284
0.330079
0.258798
0.0609087
0.077313
0.012405
0
0
0
0
0
0
0
0
0
0
0
0.0276403
0.0741385
0.201334
0.195082
0.244835
0.382935
0.49249
0.372681
0.335133
0.326731
0.212906
0.055237
0.00664375
0
0
0
0
0
0
0
0
0
0
0
0.020444
0.0768175
0.140554
0.354517
0.431856
0.4884
0.497622
0.539012
0.404873
0.376099
0.287838
0.12729
0.0195963
0
0
0
0
0
0
0
0
0
0
0
0.0493375
0.170405
0.327183
0.47949
0.559721
0.547829
0.616289
0.599764
0.56389
0.454307
0.295227
0.132915
0.0223702
0
0
0
0
0
0
0
0
0
0
0
0.0386447
0.174988
0.329268
0.421391
0.43666
0.480075
0.274814
0.260908
0.228091
0.17732
0.119373
0.101255
0.00891525
0
0
0
0
0
0
0
0
0
0
0
0.025429
0.0817733
0.0749195
0.204673
0.245599
0.138468
0.141829
0.264341
0.23291
0.395062
0.123207
0.0597465
0.0098315
0
0
0
0
0
0
0
0
0
0
0
0.0450238
0.11924
0.148649
0.367586
0.360671
0.395532
0.275018
0.267464
0.234183
0.181502
0.25407
0.139147
0.0275517
0
0
0
0
0
0
0
0
0
0
0.00028475
0.0571825
0.186631
0.262028
0.422758
0.360546
0.645294
0.678378
0.65046
0.575247
0.425685
0.296453
0.140778
0.0300005
0
0
0
0
0
0
0
0
0
0
0
0.0425142
0.124231
0.269145
0.211774
0.444788
0.60942
0.626467
0.596582
0.417645
0.264511
0.179595
0.0895685
0.0197333
0
0
0
0
0
0
0
0
0
0
0
0.044139
0.088952
0.151784
0.205202
0.347421
0.390113
0.39709
0.261178
0.23801
0.186202
0.126331
0.064883
0.0136915
0
0
0
0
0
0
0
0
0
0
0
0.0327298
0.0916623
0.153055
0.211265
0.251796
0.2752
0.283458
0.270253
0.239446
0.187099
0.128634
0.06668
0.0153097
0
0
0
0
0
0
0
0
0
0
0.00269875
0.0739035
0.218102
0.386107
0.52164
0.613187
0.661964
0.599481
0.618357
0.552183
0.417463
0.286769
0.11668
0.035521
0
0
0
0
0
0
0
0
0
0
0.00314375
0.0748565
0.214945
0.278012
0.305186
0.250014
0.280947
0.285867
0.381702
0.235319
0.0987115
0.0684842
0.035173
0.007197
0
0
0
0
0
0
0
0
0
0
0
0.0179932
0.0498252
0.0830397
0.112417
0.133255
0.147134
0.291183
0.276262
0.244767
0.192623
0.134242
0.0714917
0.0179687
0
0
0
0
0
0
0
0
0
0
0.001276
0.0751525
0.213676
0.386633
0.512295
0.461929
0.572716
0.591336
0.487942
0.50256
0.351187
0.239049
0.0724188
0.0196043
0
0
0
0
0
0
0
0
0
0
0.000242
0.0408495
0.101043
0.235112
0.394491
0.56379
0.67338
0.699852
0.668419
0.594252
0.479148
0.304567
0.1534
0.04414
0
0
0
0
0
0
0
0
0
0
0.00799375
0.0917785
0.236515
0.399749
0.529177
0.619085
0.693366
0.702731
0.669211
0.596191
0.479021
0.329467
0.168516
0.0464615
0
0
0
0
0
0
0
0
0
0
0
0.0432605
0.103762
0.0865083
0.115194
0.266939
0.512024
0.527418
0.506336
0.449416
0.41831
0.290899
0.164447
0.032661
0
0
0
0
0
0
0
0
0
0
0
0.0221847
0.0548843
0.0879962
0.117559
0.140075
0.154381
0.302507
0.290018
0.365157
0.362882
0.146325
0.113091
0.0347587
0
0
0
0
0
0
0
0
0
0
0.0124343
0.0923445
0.21736
0.246016
0.324141
0.383677
0.429323
0.535109
0.404746
0.528856
0.296109
0.075142
0.0808823
0.0113133
0
0
0
0
0
0
0
0
0
0
0.0130902
0.102077
0.216783
0.245001
0.227278
0.269786
0.427314
0.297612
0.413528
0.456418
0.366337
0.258313
0.113237
0.050358
0
0
0
0
0
0
0
0
0
0
0.0087795
0.0490075
0.110485
0.17501
0.234493
0.276703
0.294062
0.297714
0.291097
0.256873
0.207088
0.14618
0.0816098
0.0267343
0
0
0
0
0
0
0
0
0
0
0.005966
0.0506322
0.11209
0.314159
0.466015
0.389659
0.41185
0.29795
0.289377
0.255628
0.208281
0.145394
0.173231
0.055654
0.00062775
0
0
0
0
0
0
0
0
0
0.00678275
0.0511585
0.112897
0.175301
0.232889
0.275236
0.292722
0.156722
0.14976
0.132168
0.107723
0.0760957
0.0426118
0.01286
0
0
0
0
0
0
0
0
0
0
0.0076675
0.0531322
0.0588462
0.0924885
0.120918
0.14174
0.299577
0.296212
0.289388
0.257531
0.296935
0.319527
0.187976
0.0612873
0.001987
0
0
0
0
0
0
0
0
0
0.0129523
0.0995723
0.246256
0.420921
0.554297
0.647174
0.69265
0.654018
0.500386
0.25186
0.204314
0.206392
0.184653
0.0628175
0.001925
0
0
0
0
0
0
0
0
0
0.00905925
0.0912985
0.114304
0.248013
0.226213
0.269163
0.286988
0.290767
0.278938
0.252926
0.207185
0.147669
0.0852307
0.0309695
0
0
0
0
0
0
0
0
0
0
0.0198653
0.0564387
0.116943
0.178871
0.236123
0.277725
0.294371
0.295271
0.570463
0.362304
0.106476
0.076953
0.182345
0.0541845
0.0019735
0
0
0
0
0
0
0
0
0
0.0039675
0.0285978
0.0616445
0.0943197
0.121615
0.275781
0.423901
0.421572
0.28265
0.362337
0.294706
0.146194
0.0866937
0.0156533
0.000513
0
0
0
0
0
0
0
0
0
0.0115055
0.0582685
0.117892
0.177724
0.234508
0.27273
0.286543
0.293884
0.281123
0.256573
0.21017
0.150012
0.089162
0.0157517
0
0
0
0
0
0
0
0
0
0
0.0193362
0.12369
0.168027
0.253632
0.465006
0.580374
0.504514
0.518224
0.497621
0.445607
0.418661
0.264275
0.187793
0.068728
0.00487925
0
0
0
0
0
0
0
0
0
0.0257415
0.061915
0.12355
0.262927
0.238205
0.569071
0.43892
0.434007
0.414874
0.462699
0.306933
0.274061
0.158516
0.0514192
0.0027605
0
0
0
0
0
0
0
0
0
0.0140848
0.0623792
0.122989
0.183276
0.337704
0.273596
0.293233
0.432499
0.405774
0.453822
0.372904
0.217051
0.129065
0.051434
0.0049075
0
0
0
0
0
0
0
0
0
0.028143
0.105907
0.283706
0.437365
0.558746
0.642499
0.678189
0.673967
0.620505
0.565792
0.435609
0.339399
0.195077
0.070937
0.0036425
0
0
0
0
0
0
0
0
0
0.0294095
0.124159
0.260879
0.416138
0.515639
0.545281
0.634425
0.652486
0.652747
0.511679
0.419519
0.336055
0.0921695
0.0384697
0.00223
0
0
0
0
0
0
0
0
0
0.0337472
0.139219
0.293075
0.445425
0.569291
0.654397
0.700306
0.711793
0.673204
0.608878
0.494937
0.358075
0.208182
0.0802637
0.00976425
0
0
0
0
0
0
0
0
0
0.034905
0.13438
0.268213
0.402494
0.522601
0.599928
0.632698
0.527577
0.498402
0.437044
0.370367
0.304086
0.181929
0.0790075
0.0111667
0
0
0
0
0
0
0
0
0
0.00789875
0.0924535
0.126018
0.185154
0.238505
0.269517
0.413666
0.296538
0.41023
0.506219
0.466716
0.360944
0.216618
0.0850787
0.0124135
0
0
0
0
0
0
0
0
0
0.0347782
0.0956147
0.181777
0.269836
0.480241
0.486188
0.526164
0.534738
0.511797
0.523121
0.47057
0.361533
0.217315
0.0873115
0.0132508
0
0
0
0
0
0
0
0
0
0.0385097
0.138785
0.274865
0.440234
0.554774
0.633006
0.683073
0.652351
0.63364
0.570578
0.473138
0.363264
0.204384
0.060075
0.00753125
0
0
0
0
0
0
0
0
0
0.0380728
0.142388
0.2926
0.436438
0.554153
0.629601
0.68888
0.672709
0.629518
0.57166
0.497737
0.346975
0.190887
0.086081
0.0110947
0
0
0
0
0
0
0
0
0
0.038721
0.144137
0.273343
0.42272
0.524473
0.589087
0.646363
0.672882
0.667136
0.599736
0.502712
0.166264
0.101589
0.0447265
0.00140275
0
0
0
0
0
0
0
0
0
0.009394
0.03633
0.0681833
0.1005
0.127628
0.148348
0.160507
0.163731
0.15702
0.14089
0.117393
0.0872808
0.105129
0.0234267
0.0015485
0
0
0
0
0
0
0
0
0
0.0222523
0.120356
0.133696
0.192807
0.246113
0.281296
0.304687
0.440426
0.516332
0.37644
0.438452
0.32585
0.197239
0.046278
0.008523
0
0
0
0
0
0
0
0
0.0004995
0.0432148
0.140497
0.274953
0.415018
0.481854
0.486128
0.520447
0.609295
0.575318
0.523528
0.43004
0.318724
0.21808
0.0824445
0.0188203
0
0
0
0
0
0
0
0
0.00097275
0.0477028
0.148154
0.29492
0.44027
0.555918
0.63964
0.68737
0.678279
0.646588
0.587497
0.487291
0.37304
0.222565
0.0950585
0.020686
0
0
0
0
0
0
0
0
0.001367
0.0462482
0.149885
0.295
0.440778
0.562559
0.645778
0.689217
0.695688
0.667049
0.596727
0.494742
0.360986
0.208344
0.08408
0.0159313
0
0
0
0
0
0
0
0
0
0.0236193
0.0985962
0.128972
0.187654
0.233986
0.272446
0.297614
0.301858
0.287863
0.259145
0.218434
0.165259
0.105546
0.0491605
0.00883525
0
0
0
0
0
0
0
0
0
0.0110405
0.0759073
0.136349
0.195109
0.250166
0.281324
0.301714
0.54315
0.595253
0.577806
0.320222
0.234925
0.20639
0.0993015
0.009499
0
0
0
0
0
0
0
0
0.00164425
0.0523162
0.158922
0.289336
0.423129
0.539275
0.614386
0.690695
0.671629
0.68142
0.616933
0.514155
0.364884
0.14914
0.08297
0.0153082
0
0
0
0
0
0
0
0
0.00204525
0.052474
0.154012
0.297995
0.408533
0.421228
0.285094
0.299022
0.43397
0.508792
0.57687
0.506991
0.37801
0.230472
0.104828
0.026248
0
0
0
0
0
0
0
0
0.00188575
0.051494
0.153107
0.295737
0.430679
0.546843
0.62497
0.668859
0.59032
0.401336
0.346801
0.291536
0.334434
0.220377
0.097913
0.0257252
0
0
0
0
0
0
0
0
0.00232325
0.050016
0.148221
0.283313
0.403904
0.519375
0.613704
0.64308
0.673454
0.649282
0.591164
0.49401
0.37007
0.228894
0.100831
0.026774
0
0
0
0
0
0
0
0
0.00228825
0.0503417
0.151913
0.29394
0.430221
0.548255
0.627609
0.675613
0.678616
0.651393
0.577633
0.493139
0.368116
0.227288
0.099811
0.0260953
0
0
0
0
0
0
0
0
0.002236
0.0492627
0.149217
0.251643
0.398418
0.505575
0.576248
0.65491
0.686148
0.65854
0.594944
0.496348
0.360003
0.215287
0.0970653
0.0239733
0
0
0
0
0
0
0
0
0
0.043997
0.141491
0.271111
0.391524
0.500689
0.561423
0.600974
0.607935
0.609851
0.571453
0.487767
0.368935
0.230072
0.102345
0.0291702
0
0
0
0
0
0
0
0
0
0.0254685
0.0736085
0.283686
0.42741
0.543171
0.629817
0.670121
0.644356
0.49914
0.56293
0.50641
0.383551
0.236992
0.106338
0.030413
0
0
0
0
0
0
0
0
0
0.012221
0.037524
0.069123
0.256709
0.125153
0.144531
0.424001
0.428021
0.285677
0.255127
0.217581
0.165146
0.150299
0.052638
0.0123505
0
0
0
0
0
0
0
0
0
0.0265905
0.155104
0.301732
0.446124
0.244643
0.278247
0.297744
0.160672
0.300401
0.37999
0.507958
0.394572
0.245184
0.111207
0.0316965
0
0
0
0
0
0
0
0
0
0.0267362
0.076572
0.135871
0.194176
0.249632
0.284048
0.305317
0.548694
0.60708
0.383562
0.394897
0.173569
0.233733
0.109295
0.0257667
0
0
0
0
0
0
0
0
0
0.012591
0.0394817
0.13753
0.196293
0.251666
0.409035
0.308007
0.548045
0.3028
0.269608
0.494523
0.385459
0.247586
0.115194
0.0333335
0
0
0
0
0
0
0
0
0.0015605
0.027868
0.0770248
0.136718
0.194266
0.247676
0.279973
0.302295
0.307349
0.291918
0.140676
0.118399
0.0896093
0.0579573
0.028319
0.00526425
0
0
0
0
0
0
0
0
0
0.039248
0.12629
0.13621
0.274498
0.488974
0.498785
0.539753
0.439679
0.417187
0.271046
0.31837
0.369122
0.158939
0.0936085
0.0311062
0
0
0
0
0
0
0
0
0
0.0126585
0.039517
0.0713905
0.197377
0.249574
0.284988
0.309995
0.316267
0.306204
0.277237
0.236466
0.177969
0.11643
0.0584053
0.0147605
0
0
0
0
0
0
0
0
0.0035955
0.058009
0.164269
0.315417
0.464706
0.573043
0.622509
0.616107
0.630795
0.608902
0.478824
0.459709
0.300697
0.196781
0.0813427
0.0225562
0
0
0
0
0
0
0
0
0
0.0280643
0.0776737
0.13736
0.343434
0.493733
0.619992
0.615009
0.550973
0.430817
0.384176
0.403879
0.305158
0.252781
0.118312
0.0352483
0
0
0
0
0
0
0
0
0
0.0279865
0.0769935
0.13677
0.194136
0.24649
0.277374
0.295682
0.306509
0.295886
0.270455
0.231103
0.246269
0.116279
0.059281
0.0231507
0
0
0
0
0
0
0
0
0
0.0280465
0.077052
0.137219
0.196066
0.251656
0.286773
0.164399
0.167598
0.310437
0.275666
0.236329
0.177817
0.162704
0.0974845
0.0360265
0
0
0
0
0
0
0
0
0.00310125
0.0566347
0.076884
0.135944
0.273179
0.47466
0.403529
0.306561
0.443704
0.414213
0.26942
0.230363
0.174567
0.0598718
0.0297847
0.006786
0
0
0
0
0
0
0
0
0
0.0274367
0.0754868
0.187043
0.192661
0.241321
0.281486
0.304694
0.437599
0.293235
0.270723
0.228903
0.243016
0.1151
0.0713875
0.0237445
0
0
0
0
0
0
0
0
0
0.0124557
0.038359
0.07035
0.101402
0.246121
0.281615
0.302498
0.53311
0.427442
0.383752
0.318488
0.245395
0.115709
0.108174
0.0365288
0
0
0
0
0
0
0
0
0.002466
0.0385327
0.1032
0.0704765
0.101773
0.247262
0.281449
0.302027
0.309696
0.300991
0.273452
0.233787
0.175633
0.116845
0.1159
0.0306877
0
0
0
0
0
0
0
0
0.00299375
0.0540303
0.149314
0.226323
0.267979
0.240241
0.535366
0.582754
0.5989
0.512475
0.37593
0.447484
0.245621
0.115047
0.0296445
0.006765
0
0
0
0
0
0
0
0
0
0.0125035
0.0383392
0.0693007
0.192095
0.240699
0.27956
0.303212
0.308702
0.640263
0.543911
0.323995
0.244508
0.160847
0.059304
0.024388
0
0
0
0
0
0
0
0
0.0005005
0.0258642
0.0746312
0.132108
0.190671
0.382875
0.562335
0.570311
0.542639
0.511586
0.46878
0.453629
0.346427
0.22282
0.116272
0.0370258
0
0
0
0
0
0
0
0
0.00152325
0.0546595
0.0745192
0.0697735
0.100386
0.126541
0.147645
0.161036
0.163691
0.304052
0.470502
0.395904
0.299448
0.159744
0.081932
0.024185
0
0
0
0
0
0
0
0
0
0.0114887
0.073159
0.0680242
0.0989893
0.124987
0.145928
0.426479
0.648908
0.615705
0.572403
0.307659
0.365762
0.234126
0.119854
0.035855
0
0
0
0
0
0
0
0
0
0.0247918
0.071975
0.130086
0.18602
0.234308
0.272929
0.583202
0.592622
0.300173
0.269318
0.223155
0.173777
0.115085
0.0587717
0.024315
0
0
0
0
0
0
0
0
3.925e-05
0.035947
0.11904
0.0686757
0.0990913
0.126031
0.397009
0.300034
0.538789
0.424815
0.538064
0.229422
0.172601
0.117499
0.0765475
0.0270195
0
0
0
0
0
0
0
0
6e-05
0.0252375
0.0368563
0.131497
0.189476
0.240847
0.398756
0.43287
0.164861
0.159526
0.279428
0.228811
0.378087
0.243644
0.109517
0.030509
0
0
0
0
0
0
0
0
0
0.024383
0.0720567
0.130709
0.328786
0.419996
0.493007
0.529371
0.541168
0.532554
0.480409
0.405335
0.306036
0.198153
0.0993063
0.0304938
0
0
0
0
0
0
0
0
0
0.0117742
0.0384865
0.133211
0.191828
0.246364
0.402147
0.427312
0.436699
0.299519
0.390943
0.403714
0.252768
0.120182
0.102988
0.03638
0
0
0
0
0
0
0
0
8.1e-05
0.0369657
0.07513
0.133184
0.192833
0.247331
0.282642
0.304477
0.165607
0.160315
0.145833
0.232868
0.179952
0.119881
0.0623708
0.0320345
0
0
0
0
0
0
0
0
0
0.0251822
0.10169
0.185864
0.375596
0.468459
0.632445
0.64161
0.687538
0.654003
0.597355
0.521116
0.397535
0.26069
0.123457
0.036276
0
0
0
0
0
0
0
0
7.3e-05
0.0465015
0.147758
0.289665
0.421234
0.536847
0.553197
0.589981
0.599756
0.579318
0.577696
0.490642
0.37587
0.25274
0.115669
0.0352135
0
0
0
0
0
0
0
0
0.0018705
0.0496632
0.148345
0.293607
0.439893
0.563601
0.652694
0.709387
0.72393
0.693566
0.626895
0.533137
0.404215
0.259925
0.12198
0.0367537
0
0
0
0
0
0
0
0
0.0018685
0.048581
0.146931
0.288276
0.431947
0.553835
0.646496
0.697394
0.690915
0.506756
0.521646
0.307813
0.240185
0.0600682
0.030169
0.00671225
0
0
0
0
0
0
0
0
4.325e-05
0.0470373
0.149272
0.252213
0.331157
0.420886
0.490193
0.613538
0.625994
0.603674
0.551218
0.507422
0.352777
0.246557
0.122968
0.036981
0
0
0
0
0
0
0
0
0
0.0227333
0.036137
0.0676825
0.099916
0.127093
0.148385
0.312691
0.165848
0.16014
0.281119
0.233613
0.177863
0.119178
0.0608045
0.016789
0
0
0
0
0
0
0
0
0.00051825
0.022623
0.0957502
0.218438
0.186719
0.240818
0.276281
0.299842
0.304215
0.157101
0.141572
0.119768
0.0928428
0.061179
0.0299592
0.00679725
0
0
0
0
0
0
0
0
0
0.0216983
0.0688435
0.174497
0.183931
0.232722
0.269793
0.291602
0.525863
0.603419
0.596495
0.486832
0.378508
0.239642
0.114577
0.0351445
0
0
0
0
0
0
0
0
0
0.0209473
0.0930275
0.176125
0.319149
0.413237
0.388037
0.418447
0.531602
0.420097
0.374383
0.321231
0.241942
0.195761
0.0965763
0.0223938
0
0
0
0
0
0
0
0
0
0.0206522
0.0912852
0.210694
0.313677
0.32582
0.385097
0.594653
0.598597
0.296176
0.26408
0.484513
0.239927
0.112437
0.0569923
0.014533
0
0
0
0
0
0
0
0
0
0.0195048
0.0324072
0.167948
0.177741
0.226317
0.38019
0.411477
0.51706
0.288687
0.515319
0.435069
0.332043
0.229301
0.106977
0.031384
0
0
0
0
0
0
0
0
0
0.0389603
0.125851
0.252688
0.414982
0.537366
0.623744
0.675709
0.639909
0.574427
0.454701
0.219218
0.165674
0.108887
0.0541312
0.0132565
0
0
0
0
0
0
0
0
0
0.0263483
0.0637265
0.121545
0.183073
0.33067
0.272801
0.298319
0.539312
0.600186
0.544638
0.535998
0.40742
0.254115
0.117941
0.0312637
0
0
0
0
0
0
0
0
0
0.0186793
0.088383
0.122053
0.180805
0.236741
0.386754
0.290011
0.297603
0.284963
0.258322
0.118706
0.090668
0.0589315
0.0284952
0.0135512
0
0
0
0
0
0
0
0
0
0.0175933
0.0631223
0.207368
0.356604
0.465988
0.388988
0.413036
0.426655
0.512721
0.52988
0.445188
0.369804
0.214995
0.0906587
0.0241873
0
0
0
0
0
0
0
0
0
0.035037
0.125465
0.261468
0.305394
0.228223
0.372763
0.285891
0.420666
0.500263
0.368471
0.306415
0.232729
0.150394
0.0740553
0.0179252
0
0
0
0
0
0
0
0
0
0.023466
0.0612275
0.167429
0.313366
0.330412
0.38168
0.522291
0.432615
0.291753
0.271129
0.513235
0.172645
0.110774
0.054205
0.004365
0
0
0
0
0
0
0
0
0
0.0158422
0.0604438
0.118755
0.178119
0.233204
0.267883
0.291032
0.526727
0.413258
0.261961
0.22333
0.171799
0.112112
0.0751592
0.0279945
0
0
0
0
0
0
0
0
0
0.032489
0.112315
0.251053
0.252057
0.403302
0.397517
0.509503
0.543817
0.640266
0.596499
0.497591
0.374945
0.243941
0.111376
0.027326
0
0
0
0
0
0
0
0
0
0.0276842
0.083519
0.118602
0.177239
0.233717
0.142835
0.156706
0.160281
0.15615
0.141658
0.1183
0.0890968
0.0566577
0.0258855
0.00363025
0
0
0
0
0
0
0
0
0
0.00526275
0.0583163
0.162129
0.307312
0.323216
0.47461
0.511083
0.432428
0.411953
0.46213
0.446842
0.368044
0.226237
0.109494
0.025539
0
0
0
0
0
0
0
0
0
0.0299962
0.118398
0.259142
0.377211
0.228419
0.268328
0.288006
0.585811
0.28961
0.256065
0.215169
0.163171
0.105195
0.0496335
0.0228182
0
0
0
0
0
0
0
0
0
0.004418
0.0281565
0.0581812
0.169174
0.220281
0.257312
0.275717
0.286772
0.397435
0.439248
0.415984
0.315039
0.214934
0.097846
0.0218085
0
0
0
0
0
0
0
0
0
0.029042
0.116065
0.21954
0.17302
0.221185
0.259669
0.283228
0.290336
0.279285
0.253236
0.212541
0.083052
0.0529985
0.0475513
0.00754
0
0
0
0
0
0
0
0
0
0.00362275
0.0536572
0.189091
0.340614
0.492666
0.533205
0.509652
0.423081
0.503567
0.522081
0.3027
0.161585
0.102829
0.0475962
0.00769775
0
0
0
0
0
0
0
0
0
0.020084
0.086824
0.109284
0.167086
0.216735
0.25583
0.278497
0.286686
0.277496
0.362313
0.210883
0.159263
0.100885
0.046001
0.006719
0
0
0
0
0
0
0
0
0
0.0219325
0.0510625
0.107651
0.0854728
0.112773
0.133575
0.147097
0.15177
0.147038
0.132664
0.212368
0.158684
0.225689
0.09266
0.0179365
0
0
0
0
0
0
0
0
0
0.0226988
0.0509255
0.108543
0.16872
0.220948
0.261267
0.284862
0.295855
0.149687
0.367948
0.216185
0.0846963
0.102247
0.045167
0.00543325
0
0
0
0
0
0
0
0
0
0.00288125
0.0251795
0.106598
0.28867
0.220711
0.259513
0.285314
0.289677
0.280603
0.253882
0.213274
0.159437
0.0512995
0.0440835
0.00459875
0
0
0
0
0
0
0
0
0
0.0114228
0.0863742
0.215535
0.161333
0.207603
0.245267
0.276325
0.276359
0.4674
0.348332
0.201447
0.150373
0.0940225
0.0406395
0.00368025
0
0
0
0
0
0
0
0
0
0.00131
0.0223518
0.0520355
0.082564
0.212738
0.355754
0.480491
0.153142
0.525233
0.482187
0.402893
0.213982
0.158764
0.039721
0.00351175
0
0
0
0
0
0
0
0
0
0.00616725
0.0443098
0.0997032
0.156545
0.209737
0.248053
0.279551
0.285811
0.268386
0.342644
0.353235
0.326479
0.193032
0.0765272
0.00987475
0
0
0
0
0
0
0
0
0
0.005503
0.0217582
0.0997423
0.224397
0.366618
0.496714
0.616089
0.629196
0.625802
0.525536
0.462809
0.339634
0.201725
0.0773037
0.00931025
0
0
0
0
0
0
0
0
0
0.0151773
0.0855952
0.205024
0.339987
0.477787
0.54204
0.38831
0.394067
0.380032
0.338706
0.279867
0.291892
0.123119
0.0351008
0.0015205
0
0
0
0
0
0
0
0
0
0.00716175
0.040874
0.13532
0.216736
0.288873
0.242324
0.266258
0.273636
0.380002
0.331697
0.273967
0.200273
0.118974
0.0485157
0.00062225
0
0
0
0
0
0
0
0
0
0.002994
0.0398625
0.0929515
0.151407
0.202014
0.241309
0.266418
0.394881
0.377661
0.236248
0.397723
0.318706
0.120228
0.0477542
0.001841
0
0
0
0
0
0
0
0
0
0
0.0192802
0.0486653
0.0795362
0.107856
0.128548
0.14149
0.145034
0.139656
0.124792
0.198363
0.144704
0.0865043
0.033374
0.00179025
0
0
0
0
0
0
0
0
0
0.0103147
0.0823037
0.214206
0.359307
0.417466
0.546714
0.594306
0.495383
0.386133
0.239244
0.197514
0.143295
0.084059
0.0312542
0
0
0
0
0
0
0
0
0
0
0.0012915
0.037418
0.091551
0.14966
0.288873
0.348088
0.387614
0.273828
0.262944
0.235269
0.193495
0.140861
0.0418743
0.01434
0
0
0
0
0
0
0
0
0
0
0.0010405
0.0168177
0.046125
0.077031
0.205529
0.241048
0.266505
0.273428
0.261593
0.23313
0.192839
0.138795
0.0816347
0.013638
0
0
0
0
0
0
0
0
0
0
0.006554
0.0745238
0.192908
0.336307
0.419554
0.439964
0.486999
0.500371
0.481142
0.347194
0.283635
0.248474
0.139824
0.0553558
0.00182175
0
0
0
0
0
0
0
0
0
0
0.0347748
0.0895443
0.147902
0.20112
0.24209
0.266014
0.273613
0.260627
0.47468
0.427555
0.279925
0.110757
0.0472478
0.001348
0
0
0
0
0
0
0
0
0
0.00342625
0.0664077
0.16902
0.252947
0.402915
0.338558
0.369885
0.380809
0.371562
0.324719
0.266285
0.237706
0.132164
0.0451252
0.000847
0
0
0
0
0
0
0
0
0
0.00243825
0.054311
0.148521
0.285404
0.338138
0.541359
0.59886
0.612326
0.594812
0.501671
0.399655
0.307087
0.152445
0.0419453
0
0
0
0
0
0
0
0
0
0
0
0.0310583
0.0835685
0.142312
0.346599
0.333529
0.258361
0.478417
0.455143
0.405286
0.331635
0.269858
0.127057
0.0335582
0
0
0
0
0
0
0
0
0
0
0
0.0140753
0.0431345
0.0748505
0.103544
0.124761
0.270311
0.39595
0.372858
0.329378
0.380877
0.269923
0.142764
0.0446985
0
0
0
0
0
0
0
0
0
0
0
0.050181
0.185428
0.320202
0.40568
0.347685
0.473645
0.277116
0.260432
0.229781
0.188313
0.130594
0.0707545
0.0421332
0
0
0
0
0
0
0
0
0
0
0
0.0282338
0.0808323
0.140979
0.194985
0.241971
0.268603
0.276122
0.264533
0.23394
0.336287
0.264002
0.136535
0.037651
0
0
0
0
0
0
0
0
0
0
0
0.0124627
0.040705
0.0722445
0.100007
0.236508
0.255131
0.375169
0.253132
0.323324
0.259962
0.179472
0.131889
0.0376745
0
0
0
0
0
0
0
0
0
0
0.000567
0.0574298
0.180658
0.309931
0.451123
0.519097
0.595492
0.613174
0.588861
0.511479
0.426395
0.282029
0.140722
0.0380857
0
0
0
0
0
0
0
0
0
0
0.00048625
0.0435765
0.165062
0.328966
0.453267
0.547048
0.570793
0.461561
0.557217
0.451733
0.393705
0.268264
0.130828
0.032185
0
0
0
0
0
0
0
0
0
0
0
0.0458315
0.104865
0.132614
0.183946
0.223038
0.247387
0.132893
0.126836
0.110844
0.170487
0.116966
0.127226
0.0256513
0
0
0
0
0
0
0
0
0
0
0
0.0484755
0.16569
0.236233
0.419273
0.474536
0.525014
0.464603
0.356882
0.315218
0.172988
0.11771
0.12539
0.0305398
0
0
0
0
0
0
0
0
0
0
0
0.031155
0.156967
0.187227
0.264322
0.404176
0.257553
0.459281
0.445295
0.30939
0.171712
0.115849
0.0814
0.022193
0
0
0
0
0
0
0
0
0
0
0
0.00925875
0.0358145
0.130037
0.182597
0.223265
0.246394
0.365771
0.243337
0.212841
0.17003
0.113376
0.055325
0.0101522
0
0
0
0
0
0
0
0
0
0
0
0.0447855
0.164005
0.304782
0.41145
0.490877
0.542096
0.442784
0.418336
0.298426
0.236109
0.110056
0.053168
0.00930275
0
0
0
0
0
0
0
0
0
0
0
0.0269608
0.119648
0.226837
0.42753
0.533394
0.506302
0.453856
0.435187
0.379872
0.376185
0.245556
0.1119
0.0217215
0
0
0
0
0
0
0
0
0
0
0
0.0402227
0.155006
0.306706
0.442887
0.546983
0.593327
0.606504
0.547289
0.504987
0.371663
0.256525
0.114413
0.019057
0
0
0
0
0
0
0
0
0
0
0
0.038957
0.153452
0.294192
0.423379
0.515822
0.560408
0.500677
0.487401
0.474028
0.38092
0.250188
0.107994
0.017874
0
0
0
0
0
0
0
0
0
0
0
0.0382317
0.1485
0.290336
0.418455
0.513519
0.561751
0.590405
0.563153
0.477421
0.370707
0.245834
0.105149
0.0154378
0
0
0
0
0
0
0
0
0
0
0
0.0290998
0.133643
0.222263
0.255915
0.217193
0.239462
0.245659
0.232497
0.206908
0.158052
0.103049
0.0463132
0.0032865
0
0
0
0
0
0
0
0
0
0
0
0.0141403
0.0640032
0.122309
0.176308
0.216553
0.124871
0.128343
0.339546
0.20322
0.229909
0.147602
0.06398
0.00494575
0
0
0
0
0
0
0
0
0
0
0
0.0327762
0.0645368
0.272324
0.415861
0.321719
0.241858
0.362581
0.484824
0.299666
0.382715
0.241901
0.0863135
0.0014335
0
0
0
0
0
0
0
0
0
0
0
0.0319695
0.148088
0.304893
0.429571
0.540278
0.587159
0.444936
0.336615
0.367508
0.380891
0.236876
0.0931432
0.00470825
0
0
0
0
0
0
0
0
0
0
0
0.022871
0.108247
0.119262
0.172368
0.217633
0.241256
0.238473
0.225835
0.281564
0.318965
0.136773
0.0695298
0.00276425
0
0
0
0
0
0
0
0
0
0
0
0.0111603
0.10532
0.213103
0.303793
0.386664
0.434247
0.353703
0.474993
0.35369
0.148975
0.0931988
0.074622
0.0037185
0
0
0
0
0
0
0
0
0
0
0
0.0106517
0.029075
0.117075
0.243687
0.496904
0.562905
0.535612
0.516105
0.449636
0.340915
0.206753
0.0717315
0.0022445
0
0
0
0
0
0
0
0
0
0
0
0.008836
0.0569285
0.114444
0.16696
0.375374
0.485716
0.498515
0.473
0.443897
0.372785
0.220841
0.0769515
0.00269575
0
0
0
0
0
0
0
0
0
0
0
0.0232235
0.133456
0.286618
0.427889
0.531262
0.583101
0.592641
0.555318
0.468649
0.362029
0.213656
0.0741518
0.00217075
0
0
0
0
0
0
0
0
0
0
0
0.0209485
0.128133
0.277452
0.405986
0.51211
0.563029
0.557416
0.498109
0.421888
0.328864
0.205553
0.0428023
0
0
0
0
0
0
0
0
0
0
0
0
0.00126675
0.0252437
0.109111
0.08256
0.104225
0.115889
0.118902
0.222572
0.09438
0.137286
0.0415995
0.012982
0
0
0
0
0
0
0
0
0
0
0
0
0.00541425
0.120303
0.159659
0.162952
0.301107
0.226736
0.345341
0.324661
0.185438
0.0707185
0.041523
0.0395003
0
0
0
0
0
0
0
0
0
0
0
0
0.0100365
0.0713105
0.107279
0.160423
0.294851
0.330135
0.226423
0.220061
0.265507
0.198258
0.0790182
0.0248843
0
0
0
0
0
0
0
0
0
0
0
0
0.003572
0.07
0.153493
0.157687
0.20437
0.226999
0.336586
0.317109
0.331781
0.245196
0.161739
0.04239
0
0
0
0
0
0
0
0
0
0
0
0
0.0058025
0.0966537
0.257116
0.28765
0.356775
0.323483
0.328799
0.310088
0.176487
0.129738
0.0370375
0.00908675
0
0
0
0
0
0
0
0
0
0
0
0
0
0.0221303
0.0514635
0.0792362
0.0992222
0.222573
0.324697
0.205689
0.1725
0.0645503
0.172411
0.0464423
0
0
0
0
0
0
0
0
0
0
0
0
0
0.0435268
0.223537
0.152755
0.192547
0.2215
0.224222
0.203682
0.169785
0.0630935
0.034868
0.018165
0
0
0
0
0
0
0
0
0
0
0
0
0.0057765
0.0423747
0.097696
0.149367
0.278195
0.455416
0.405524
0.299747
0.169961
0.122737
0.0971755
0.0164885
0
0
0
0
0
0
0
0
0
0
0
0
0
0.0195765
0.0480168
0.0756442
0.096468
0.108746
0.110943
0.370602
0.167024
0.119903
0.064745
0.0149067
0
0
0
0
0
0
0
0
0
0
0
0
2.525e-05
0.0389022
0.0946075
0.146296
0.186672
0.208723
0.21239
0.197868
0.164238
0.118093
0.0623775
0.0133355
0
0
0
0
0
0
0
0
0
0
0
0
0
0.0383143
0.093152
0.144918
0.185427
0.213057
0.218205
0.196988
0.163195
0.115938
0.0600573
0.01177
0
0
0
0
0
0
0
0
0
0
0
0
0.002928
0.0897245
0.233541
0.346485
0.444173
0.503914
0.391345
0.484961
0.389402
0.165432
0.057478
0.00994675
0
0
0
0
0
0
0
0
0
0
0
0
0
0.0349222
0.0896123
0.072062
0.181418
0.30598
0.447953
0.287237
0.159652
0.111196
0.0565265
0.00863275
0
0
0
0
0
0
0
0
0
0
0
0
0.00102675
0.0620258
0.211486
0.146151
0.182515
0.105164
0.10667
0.283644
0.378654
0.204849
0.115004
0.017965
0
0
0
0
0
0
0
0
0
0
0
0
0.0015545
0.0760533
0.213262
0.341206
0.460428
0.434269
0.450435
0.45429
0.336791
0.156444
0.0628818
0.00584175
0
0
0
0
0
0
0
0
0
0
0
0
0
0.0303053
0.0829042
0.134185
0.172618
0.194447
0.101593
0.0935342
0.149889
0.101887
0.0489465
0.00413875
0
0
0
0
0
0
0
0
0
0
0
0
0
0.01307
0.040641
0.0665175
0.08667
0.098162
0.099775
0.0914718
0.0743682
0.050199
0.022608
0
0
0
0
0
0
0
0
0
0
0
0
0
0
0.0129705
0.039656
0.0655002
0.0860602
0.0976315
0.0991983
0.091015
0.145053
0.0975643
0.0436797
0.0017365
0
0
0
0
0
0
0
0
0
0
0
0
0.00015275
0.0668563
0.080135
0.195444
0.323629
0.361498
0.433767
0.27163
0.276209
0.242975
0.109466
0.00485875
0
0
0
0
0
0
0
0
0
0
0
0
0.000269
0.0676637
0.206846
0.352038
0.453665
0.467726
0.470288
0.43376
0.370497
0.236684
0.0971753
0.00487225
0
0
0
0
0
0
0
0
0
0
0
0
0
0.0116468
0.0769608
0.293429
0.430297
0.491702
0.500413
0.462806
0.372464
0.244632
0.102151
0.005051
0
0
0
0
0
0
0
0
0
0
0
0
0
0.023999
0.11076
0.124977
0.164076
0.185603
0.189135
0.172714
0.0698877
0.0908822
0.0178905
0
0
0
0
0
0
0
0
0
0
0
0
0
0
0.0227587
0.0741257
0.124473
0.164024
0.346146
0.415776
0.259033
0.138207
0.0890455
0.0531945
0.002914
0
0
0
0
0
0
0
0
0
0
0
0
0
0.032499
0.108246
0.124435
0.242148
0.271633
0.357373
0.418487
0.339879
0.167041
0.0350382
0.00056425
0
0
0
0
0
0
0
0
0
0
0
0
0
0.0553862
0.194042
0.333199
0.24354
0.267531
0.354573
0.311761
0.251079
0.162751
0.0610127
0.0014715
0
0
0
0
0
0
0
0
0
0
0
0
0
0.00753975
0.0334802
0.0588278
0.154516
0.174263
0.267262
0.236531
0.128211
0.0805592
0.0296548
0.0009555
0
0
0
0
0
0
0
0
0
0
0
0
0
0.0175338
0.0662502
0.115633
0.15453
0.175069
0.175177
0.158408
0.0632505
0.0388173
0.0129915
0
0
0
0
0
0
0
0
0
0
0
0
0
0
0.00678675
0.0321538
0.0577097
0.0774502
0.0877358
0.182274
0.159223
0.123706
0.07654
0.0264575
0
0
0
0
0
0
0
0
0
0
0
0
0
0
0.0151385
0.0627473
0.112103
0.14986
0.171225
0.172833
0.229845
0.11997
0.0737783
0.024484
0
0
0
0
0
0
0
0
0
0
0
0
0
0
0.0134368
0.0599637
0.10847
0.216729
0.315348
0.415738
0.380786
0.299175
0.193492
0.0605772
0
0
0
0
0
0
0
0
0
0
0
0
0
0
0.00433975
0.0285098
0.159887
0.212316
0.314618
0.373837
0.333468
0.264509
0.186368
0.0557343
0
0
0
0
0
0
0
0
0
0
0
0
0
0
0.0340155
0.161155
0.297505
0.402423
0.452816
0.461981
0.413502
0.322528
0.189135
0.0530175
0
0
0
0
0
0
0
0
0
0
0
0
0
0
0.0311055
0.1603
0.298346
0.40307
0.452622
0.451628
0.408051
0.317548
0.184442
0.049856
0
0
0
0
0
0
0
0
0
0
0
0
0
0
0.027866
0.152732
0.284408
0.38479
0.436164
0.439038
0.215994
0.20772
0.117585
0.0303848
0
0
0
0
0
0
0
0
0
0
0
0
0
0
0.0152835
0.0508787
0.0964968
0.132501
0.152259
0.151611
0.257675
0.190599
0.0841497
0.0272905
0
0
0
0
0
0
0
0
0
0
0
0
0
0
0.00567675
0.0492332
0.0948825
0.130567
0.151395
0.154161
0.13718
0.10315
0.0836052
0.0252375
0
0
0
0
0
0
0
0
0
0
0
0
0
0
0.012097
0.0974975
0.0488157
0.0678788
0.159109
0.231601
0.202839
0.235003
0.155434
0.0345605
0
0
0
0
0
0
0
0
0
0
0
0
0
0
0.0002275
0.0230895
0.0483275
0.067781
0.0776972
0.0782498
0.0689427
0.0511525
0.0267793
0.003602
0
0
0
0
0
0
0
0
0
0
0
0
0
0
0
0.0449587
0.0453507
0.133222
0.150541
0.152453
0.134861
0.098512
0.135804
0.0266605
0
0
0
0
0
0
0
0
0
0
0
0
0
0
0.00993125
0.0879638
0.177749
0.196163
0.221618
0.151083
0.066159
0.0486048
0.0251633
0.00190875
0
0
0
0
0
0
0
0
0
0
0
0
0
0
0.0035705
0.0423728
0.089185
0.127536
0.147052
0.148188
0.129856
0.094278
0.0490363
0.00563975
0
0
0
0
0
0
0
0
0
0
0
0
0
0
0
0.0191522
0.042418
0.127611
0.142497
0.14419
0.0628655
0.068838
0.046653
0.00626875
0
0
0
0
0
0
0
0
0
0
0
0
0
0
0.0040785
0.0389757
0.131046
0.186647
0.214957
0.146908
0.127006
0.0921418
0.0459627
0.006248
0
0
0
0
0
0
0
0
0
0
0
0
0
0
0.00020975
0.0579607
0.126556
0.120592
0.140671
0.141114
0.123587
0.134349
0.0635648
0.001764
0
0
0
0
0
0
0
0
0
0
0
0
0
0
0.000188
0.0353782
0.080743
0.117917
0.13799
0.138835
0.244325
0.130371
0.0602335
0.00151375
0
0
0
0
0
0
0
0
0
0
0
0
0
0
0
0.0332163
0.0785095
0.115291
0.135545
0.136276
0.118052
0.0409248
0.0393278
0.00106225
0
0
0
0
0
0
0
0
0
0
0
0
0
0
0
0.0314625
0.116366
0.261687
0.3482
0.317876
0.272232
0.12404
0.054549
0.0024815
0
0
0
0
0
0
0
0
0
0
0
0
0
0
0
0.0143155
0.0368433
0.0544855
0.064545
0.0653555
0.0557498
0.039102
0.0166105
0
0
0
0
0
0
0
0
0
0
0
0
0
0
0
0
0.01236
0.0705563
0.106235
0.194044
0.192435
0.168675
0.202783
0.0939785
0.004508
0
0
0
0
0
0
0
0
0
0
0
0
0
0
0.00177325
0.0804482
0.207779
0.107119
0.126749
0.259064
0.313886
0.226881
0.100172
0.004015
0
0
0
0
0
0
0
0
0
0
0
0
0
0
0.0007015
0.055379
0.200313
0.164666
0.12366
0.061746
0.169073
0.072995
0.03045
0
0
0
0
0
0
0
0
0
0
0
0
0
0
0
0
0.0741753
0.188127
0.284088
0.338402
0.331949
0.282574
0.196398
0.0769365
0.0014315
0
0
0
0
0
0
0
0
0
0
0
0
0
0
0
0.0696877
0.184755
0.287798
0.341649
0.343748
0.233482
0.189558
0.07625
0
0
0
0
0
0
0
0
0
0
0
0
0
0
0
0
0.00798725
0.0290007
0.14465
0.224276
0.219289
0.261446
0.095297
0.00999225
0
0
0
0
0
0
0
0
0
0
0
0
0
0
0
0
0.0557015
0.176424
0.279585
0.321405
0.324516
0.276109
0.183564
0.046442
0
0
0
0
0
0
0
0
0
0
0
0
0
0
0
0
0.0506025
0.111543
0.089266
0.108529
0.10913
0.0449673
0.0283268
0.0202387
0
0
0
0
0
0
0
0
0
0
0
0
0
0
0
0
0.0147568
0.053516
0.0872717
0.107056
0.167178
0.0898215
0.0571365
0.0186105
0
0
0
0
0
0
0
0
0
0
0
0
0
0
0
0
0.0267222
0.0517073
0.0845065
0.103471
0.190774
0.214707
0.0865565
0.0177318
0
0
0
0
0
0
0
0
0
0
0
0
0
0
0
0
0.0242525
0.138082
0.256825
0.286937
0.16457
0.0858822
0.0538
0.00690675
0
0
0
0
0
0
0
0
0
0
0
0
0
0
0
0
0.003781
0.0229847
0.039896
0.0499197
0.0497563
0.041344
0.0253207
0.00618675
0
0
0
0
0
0
0
0
0
0
0
0
0
0
0
0
0.002874
0.0218565
0.0386658
0.0479098
0.0487617
0.04029
0.0243295
0.00531
0
0
0
0
0
0
0
0
0
0
0
0
0
0
0
0
0.002777
0.0210388
0.037776
0.0469687
0.0973123
0.0393498
0.049344
0.0127353
0
0
0
0
0
0
0
0
0
0
0
0
0
0
0
0
0.0241638
0.133446
0.240392
0.304175
0.288651
0.250835
0.154185
0.0310745
0
0
0
0
0
0
0
0
0
0
0
0
0
0
0
0
0.0204335
0.119846
0.192094
0.247599
0.236792
0.16191
0.110447
0.0284882
0
0
0
0
0
0
0
0
0
0
0
0
0
0
0
0
0.0199917
0.127763
0.235324
0.278342
0.305588
0.252099
0.151135
0.0361067
0
0
0
0
0
0
0
0
0
0
0
0
0
0
0
0
0.0180583
0.124596
0.233138
0.300625
0.302853
0.238848
0.149846
0.033729
0
0
0
0
0
0
0
0
0
0
0
0
0
0
0
0
0
0.0185472
0.0351123
0.0456203
0.0464932
0.0377277
0.0219805
0.00293925
0
0
0
0
0
0
0
0
0
0
0
0
0
0
0
0
0.00284025
0.0368073
0.0695013
0.0907397
0.0916847
0.0367188
0.0210332
0.00207525
0
0
0
0
0
0
0
0
0
0
0
0
0
0
0
0
0
0.0165588
0.032864
0.0423188
0.043179
0.0354255
0.0199338
0.001881
0
0
0
0
0
0
0
0
0
0
0
0
0
0
0
0
0
0.0157447
0.032033
0.04137
0.086632
0.07014
0.0407182
0.006308
0
0
0
0
0
0
0
0
0
0
0
0
0
0
0
0
0
0.031648
0.0308755
0.082504
0.084286
0.0688108
0.0179412
0.00079925
0
0
0
0
0
0
0
0
0
0
0
0
0
0
0
0
0.00070225
0.0137223
0.0296977
0.0390213
0.0397032
0.0321512
0.0177575
0.00055475
0
0
0
0
0
0
0
0
0
0
0
0
0
0
0
0
0.00017375
0.0284052
0.0286142
0.0378805
0.0387205
0.031095
0.0167552
0.00025275
0
0
0
0
0
0
0
0
0
0
0
0
0
0
0
0
0.0001335
0.027152
0.0904368
0.118649
0.12161
0.132562
0.034144
0.00574175
0
0
0
0
0
0
0
0
0
0
0
0
0
0
0
0
0
0.0413852
0.0882965
0.116758
0.12062
0.176618
0.0872823
0.004482
0
0
0
0
0
0
0
0
0
0
0
0
0
0
0
0
0.0036085
0.075898
0.115538
0.16294
0.11922
0.129584
0.0499445
0.0060785
0
0
0
0
0
0
0
0
0
0
0
0
0
0
0
0
0
0.0239602
0.117588
0.0724837
0.074181
0.0596302
0.0491125
0.0015875
0
0
0
0
0
0
0
0
0
0
0
0
0
0
0
0
0
0.0103423
0.0531073
0.11429
0.074217
0.0592307
0.0232215
0
0
0
0
0
0
0
0
0
0
0
0
0
0
0
0
0
0
0.0220852
0.0515505
0.070521
0.073298
0.0585803
0.03071
0.0015585
0
0
0
0
0
0
0
0
0
0
0
0
0
0
0
0
0
0.00926725
0.0241947
0.0334523
0.0714697
0.0913972
0.0458138
0.001099
0
0
0
0
0
0
0
0
0
0
0
0
0
0
0
0
0.000278
0.0316867
0.049293
0.0681693
0.112704
0.174118
0.0948045
0.00817475
0
0
0
0
0
0
0
0
0
0
0
0
0
0
0
0
0
0.040691
0.053927
0.217742
0.2558
0.132136
0.116343
0.0017095
0
0
0
0
0
0
0
0
0
0
0
0
0
0
0
0
0
0.00953075
0.0248165
0.0720902
0.0741332
0.0602038
0.0145375
0
0
0
0
0
0
0
0
0
0
0
0
0
0
0
0
0
0
0.008905
0.0252042
0.034743
0.0364435
0.028611
0.0148095
0
0
0
0
0
0
0
0
0
0
0
0
0
0
0
0
0
0
0.0202198
0.0519823
0.0720473
0.0751875
0.0287188
0.0148283
0
0
0
0
0
0
0
0
0
0
0
0
0
0
0
0
0
0
0.00802725
0.02428
0.033807
0.035447
0.058929
0.0310738
0.00127
0
0
0
0
0
0
0
0
0
0
0
0
0
0
0
0
0
0.0182445
0.0234007
0.0338143
0.0354553
0.027644
0.0311107
0.00128675
0
0
0
0
0
0
0
0
0
0
0
0
0
0
0
0
0
0.0464667
0.163659
0.206899
0.162272
0.190698
0.103726
0.007457
0
0
0
0
0
0
0
0
0
0
0
0
0
0
0
0
0
0.053992
0.165214
0.238298
0.0774855
0.057713
0.0305387
0.00134325
0
0
0
0
0
0
0
0
0
0
0
0
0
0
0
0
0
0.0264758
0.139016
0.068352
0.0728752
0.0580737
0.0306983
0.001357
0
0
0
0
0
0
0
0
0
0
0
0
0
0
0
0
0
0.0060735
0.021368
0.031599
0.0331972
0.0553657
0.0286882
0.00067125
0
0
0
0
0
0
0
0
0
0
0
0
0
0
0
0
0
0.0626125
0.162483
0.227035
0.229253
0.190017
0.106411
0.0073
0
0
0
0
0
0
0
0
0
0
0
0
0
0
0
0
0
0.0528002
0.143467
0.203467
0.154047
0.155114
0.0979675
0.00737275
0
0
0
0
0
0
0
0
0
0
0
0
0
0
0
0
0
0.00542525
0.0212015
0.0317537
0.033509
0.0273015
0.0133238
0
0
0
0
0
0
0
0
0
0
0
0
0
0
0
0
0
0
0.012977
0.0443522
0.0658585
0.0699257
0.0563073
0.0289035
0.00089375
0
0
0
0
0
0
0
0
0
0
0
0
0
0
0
0
0
0.00455875
0.0203903
0.0309297
0.0335683
0.02649
0.0133478
0
0
0
0
0
0
0
0
0
0
0
0
0
0
0
0
0
0
0.00439475
0.0201058
0.0304932
0.0322537
0.0260972
0.0130875
0
0
0
0
0
0
0
0
0
0
0
0
0
0
0
0
0
0
0.004198
0.0189503
0.0292497
0.0317702
0.025752
0.0121148
0
0
0
0
0
0
0
0
0
0
0
0
0
0
0
0
0
0
0.003087
0.017917
0.0269357
0.0617147
0.0237067
0.0260828
0.00055675
0
0
0
0
0
0
0
0
0
0
0
0
0
0
0
0
0
0.0031565
0.0183173
0.0275235
0.0300212
0.02411
0.0264698
0.000615
0
0
0
0
0
0
0
0
0
0
0
0
0
0
0
0
0
0.00308725
0.0174635
0.027453
0.0299533
0.0240433
0.0116152
0
0
0
0
0
0
0
0
0
0
0
0
0
0
0
0
0
0
0.009127
0.038313
0.0275845
0.030022
0.0240882
0.0116408
0
0
0
0
0
0
0
0
0
0
0
0
0
0
0
0
0
0
0.00905175
0.105861
0.179736
0.201976
0.164522
0.094856
0.00709275
0
0
0
0
0
0
0
0
0
0
0
0
0
0
0
0
0
0.00919575
0.038981
0.0592275
0.0305955
0.0254137
0.027874
0.00119175
0
0
0
0
0
0
0
0
0
0
0
0
0
0
0
0
0
0.00920625
0.0393488
0.0598217
0.0660005
0.0540575
0.0290465
0.0012295
0
0
0
0
0
0
0
0
0
0
0
0
0
0
0
0
0
0.00841225
0.0390915
0.0592485
0.0650847
0.0254382
0.0127668
0
0
0
0
0
0
0
0
0
0
0
0
0
0
0
0
0
0
0.00817175
0.0697722
0.094702
0.0644227
0.0251462
0.0125868
0
0
0
0
0
0
0
0
0
0
0
0
0
0
0
0
0
0
0.0021685
0.0174247
0.027478
0.0299647
0.0249178
0.0132625
0
0
0
0
0
0
0
0
0
0
0
0
0
0
0
0
0
0
0.0079315
0.0369755
0.057702
0.0630037
0.0246955
0.013134
0
0
0
0
0
0
0
0
0
0
0
0
0
0
0
0
0
0
0.00211675
0.0172682
0.02729
0.0306262
0.0531853
0.0288845
0.001514
0
0
0
0
0
0
0
0
0
0
0
0
0
0
0
0
0
0.0252335
0.06862
0.133478
0.0307445
0.125802
0.0300042
0.00205
0
0
0
0
0
0
0
0
0
0
0
0
0
0
0
0
0
0.0081855
0.0384845
0.0594205
0.0650775
0.0554897
0.097744
0.00683075
0
0
0
0
0
0
0
0
